,geo,name,time,UNHCR refugees by country of residence,Asylum-seekers by country of residence,Other people in need of international protection,UNHCR total refugees by country of residence ,Internally displaced persons,UNHCR total displaced people  by country of residence,UNHCR refugees by country of origin,Asylum-seekers by country of origin,UNHCR total refugees by country of origin,UNHCR total displaced people by country of origin
0,afg,Afghanistan,1979,0,0,0,0,0,0,500000,0,500000,500000
1,afg,Afghanistan,1980,0,0,0,0,0,0,1734921,0,1734921,1734921
2,afg,Afghanistan,1981,0,0,0,0,0,0,3879984,0,3879984,3879984
3,afg,Afghanistan,1982,0,0,0,0,0,0,4488214,0,4488214,4488214
4,afg,Afghanistan,1983,0,0,0,0,0,0,4712735,0,4712735,4712735
5,afg,Afghanistan,1984,0,0,0,0,0,0,4417651,0,4417651,4417651
6,afg,Afghanistan,1985,0,0,0,0,0,0,4653193,0,4653193,4653193
7,afg,Afghanistan,1986,0,0,0,0,0,0,5094283,0,5094283,5094283
8,afg,Afghanistan,1987,0,0,0,0,0,0,5511740,0,5511740,5511740
9,afg,Afghanistan,1988,0,0,0,0,0,0,5622982,0,5622982,5622982
10,afg,Afghanistan,1989,0,0,0,0,0,0,5643989,0,5643989,5643989
11,afg,Afghanistan,1990,50,0,0,50,0,50,6339095,0,6339095,6339095
12,afg,Afghanistan,1991,38,0,0,38,0,38,6306301,0,6306301,6306301
13,afg,Afghanistan,1992,60025,0,0,60025,0,60025,4552153,0,4552153,4552153
14,afg,Afghanistan,1993,32131,0,0,32131,15000,47131,3374575,0,3374575,3389575
15,afg,Afghanistan,1994,19134,0,0,19134,332200,351334,2731166,0,2731166,3063366
16,afg,Afghanistan,1995,19605,0,0,19605,159600,179205,2679132,0,2679132,2838732
17,afg,Afghanistan,1996,18779,0,0,18779,273840,292619,2674234,0,2674234,2948074
18,afg,Afghanistan,1997,5,0,0,5,296795,296800,2676675,0,2676675,2973470
19,afg,Afghanistan,1998,0,0,0,0,315800,315800,2667118,0,2667118,2982918
20,afg,Afghanistan,1999,0,0,0,0,258625,258625,2601690,0,2601690,2860315
21,afg,Afghanistan,2000,0,0,0,0,758625,758625,3587327,40290,3627617,4386242
22,afg,Afghanistan,2001,10,0,0,10,1200000,1200010,3809763,30782,3840545,5040545
23,afg,Afghanistan,2002,0,18,0,18,665156,665174,2510294,26687,2536981,3202137
24,afg,Afghanistan,2003,24,71,0,95,184269,184364,2136039,26308,2162347,2346616
25,afg,Afghanistan,2004,31,28,0,59,159549,159608,2414460,16983,2431443,2590992
26,afg,Afghanistan,2005,31,12,0,43,142505,142548,2166139,14023,2180162,2322667
27,afg,Afghanistan,2006,34,5,0,39,129310,129349,2107510,14959,2122469,2251779
28,afg,Afghanistan,2007,43,0,0,43,153718,153761,3057655,16077,3073732,3227450
29,afg,Afghanistan,2008,37,10,0,47,230670,230717,2833116,23177,2856293,3086963
30,afg,Afghanistan,2009,36,14,0,50,297129,297179,2887114,30406,2917520,3214649
31,afg,Afghanistan,2010,6434,30,0,6464,351907,358371,3054699,37101,3091800,3443707
32,afg,Afghanistan,2011,3011,52,0,3063,447547,450610,2664423,39199,2703622,3151169
33,afg,Afghanistan,2012,16184,49,0,16233,486298,502531,2586132,62304,2648436,3134734
34,afg,Afghanistan,2013,16861,61,0,16922,631286,648208,2556483,75284,2631767,3263053
35,afg,Afghanistan,2014,300421,59,0,300480,805409,1105889,2596259,85407,2681666,3487075
36,afg,Afghanistan,2015,257553,78,0,257631,1174306,1431937,2666294,258862,2925156,4099462
37,afg,Afghanistan,2016,59770,123,0,59893,1797551,1857444,2501447,369072,2870519,4668070
38,afg,Afghanistan,2017,75927,215,0,76142,1837079,1913221,2624265,333986,2958251,4795330
39,afg,Afghanistan,2018,72228,281,0,72509,2106893,2179402,2681267,310107,2991374,5098267
40,afg,Afghanistan,2019,72227,247,0,72474,2553390,2625864,2727556,251047,2978603,5531993
41,afg,Afghanistan,2020,72278,167,0,72445,2886317,2958762,2594827,238791,2833618,5719935
42,afg,Afghanistan,2021,66949,251,0,67200,3457744,3524944,2712869,262860,2975729,6433473
43,afg,Afghanistan,2022,52159,218,0,52377,3254002,3306379,5661717,294493,5956210,9210212
44,afg,Afghanistan,2023,52162,227,0,52389,3252741,3305130,6110219,324529,6434748,9687489
45,alb,Albania,1964,0,0,0,0,0,0,100,0,100,100
46,alb,Albania,1965,0,0,0,0,0,0,4860,0,4860,4860
47,alb,Albania,1966,0,0,0,0,0,0,4860,0,4860,4860
48,alb,Albania,1967,0,0,0,0,0,0,4260,0,4260,4260
49,alb,Albania,1968,0,0,0,0,0,0,4120,0,4120,4120
50,alb,Albania,1969,0,0,0,0,0,0,4290,0,4290,4290
51,alb,Albania,1970,0,0,0,0,0,0,4310,0,4310,4310
52,alb,Albania,1971,0,0,0,0,0,0,390,0,390,390
53,alb,Albania,1972,0,0,0,0,0,0,2300,0,2300,2300
54,alb,Albania,1973,0,0,0,0,0,0,2090,0,2090,2090
55,alb,Albania,1974,0,0,0,0,0,0,380,0,380,380
56,alb,Albania,1975,0,0,0,0,0,0,380,0,380,380
57,alb,Albania,1976,0,0,0,0,0,0,0,0,0,0
58,alb,Albania,1977,0,0,0,0,0,0,2000,0,2000,2000
59,alb,Albania,1978,0,0,0,0,0,0,1980,0,1980,1980
60,alb,Albania,1979,0,0,0,0,0,0,1610,0,1610,1610
61,alb,Albania,1980,0,0,0,0,0,0,1681,0,1681,1681
62,alb,Albania,1981,0,0,0,0,0,0,1680,0,1680,1680
63,alb,Albania,1982,0,0,0,0,0,0,1645,0,1645,1645
64,alb,Albania,1983,0,0,0,0,0,0,1610,0,1610,1610
65,alb,Albania,1984,0,0,0,0,0,0,1576,0,1576,1576
66,alb,Albania,1985,0,0,0,0,0,0,1587,0,1587,1587
67,alb,Albania,1986,0,0,0,0,0,0,90,0,90,90
68,alb,Albania,1987,0,0,0,0,0,0,129,0,129,129
69,alb,Albania,1988,0,0,0,0,0,0,358,0,358,358
70,alb,Albania,1989,0,0,0,0,0,0,367,0,367,367
71,alb,Albania,1990,0,0,0,0,0,0,1822,0,1822,1822
72,alb,Albania,1991,0,0,0,0,0,0,3542,0,3542,3542
73,alb,Albania,1992,3000,0,0,3000,0,3000,4355,0,4355,4355
74,alb,Albania,1993,3000,0,0,3000,0,3000,4747,0,4747,4747
75,alb,Albania,1994,3000,0,0,3000,0,3000,5021,0,5021,5021
76,alb,Albania,1995,4721,0,0,4721,0,4721,5804,0,5804,5804
77,alb,Albania,1996,4927,0,0,4927,0,4927,5784,0,5784,5784
78,alb,Albania,1997,34,0,0,34,0,34,5381,0,5381,5381
79,alb,Albania,1998,22334,0,0,22334,0,22334,5353,0,5353,5353
80,alb,Albania,1999,3932,0,0,3932,0,3932,6286,0,6286,6286
81,alb,Albania,2000,521,5,0,526,0,526,6801,2817,9618,9618
82,alb,Albania,2001,291,71,0,362,0,362,7627,3974,11601,11601
83,alb,Albania,2002,18,46,0,64,0,64,10758,4986,15744,15744
84,alb,Albania,2003,24,86,0,110,0,110,10382,4526,14908,14908
85,alb,Albania,2004,49,30,0,79,0,79,10474,3319,13793,13793
86,alb,Albania,2005,53,32,0,85,0,85,12718,2572,15290,15290
87,alb,Albania,2006,56,27,0,83,0,83,14079,2279,16358,16358
88,alb,Albania,2007,68,16,0,84,0,84,15335,1645,16980,16980
89,alb,Albania,2008,57,20,0,77,0,77,15007,1814,16821,16821
90,alb,Albania,2009,69,19,0,88,0,88,15707,1586,17293,17293
91,alb,Albania,2010,75,20,0,95,0,95,14771,1350,16121,16121
92,alb,Albania,2011,79,26,0,105,0,105,13552,2193,15745,15745
93,alb,Albania,2012,84,28,0,112,0,112,12569,3722,16291,16291
94,alb,Albania,2013,96,228,0,324,0,324,10104,9771,19875,19875
95,alb,Albania,2014,111,482,0,593,0,593,10156,15098,25254,25254
96,alb,Albania,2015,109,830,0,939,0,939,10404,42155,52559,52559
97,alb,Albania,2016,141,2750,0,2891,0,2891,11060,23760,34820,34820
98,alb,Albania,2017,124,32,0,156,0,156,12168,18761,30929,30929
99,alb,Albania,2018,132,159,0,291,0,291,13512,21071,34583,34583
100,alb,Albania,2019,120,5,0,125,0,125,15027,19007,34034,34034
101,alb,Albania,2020,105,0,0,105,0,105,15523,17628,33151,33151
102,alb,Albania,2021,109,6,0,115,0,115,19847,22331,42178,42178
103,alb,Albania,2022,2676,5,0,2681,0,2681,20865,34406,55271,55271
104,alb,Albania,2023,3828,5,0,3833,0,3833,21750,24181,45931,45931
105,dza,Algeria,1970,500,0,0,500,0,500,0,0,0,0
106,dza,Algeria,1971,0,0,0,0,0,0,0,0,0,0
107,dza,Algeria,1972,0,0,0,0,0,0,0,0,0,0
108,dza,Algeria,1973,0,0,0,0,0,0,0,0,0,0
109,dza,Algeria,1974,0,0,0,0,0,0,0,0,0,0
110,dza,Algeria,1975,21000,0,0,21000,0,21000,0,0,0,0
111,dza,Algeria,1976,39580,0,0,39580,0,39580,0,0,0,0
112,dza,Algeria,1977,52000,0,0,52000,0,52000,0,0,0,0
113,dza,Algeria,1978,52000,0,0,52000,0,52000,0,0,0,0
114,dza,Algeria,1979,52000,0,0,52000,0,52000,0,0,0,0
115,dza,Algeria,1980,52000,0,0,52000,0,52000,0,0,0,0
116,dza,Algeria,1981,167000,0,0,167000,0,167000,5,0,5,5
117,dza,Algeria,1982,167000,0,0,167000,0,167000,5,0,5,5
118,dza,Algeria,1983,167000,0,0,167000,0,167000,5,0,5,5
119,dza,Algeria,1984,167000,0,0,167000,0,167000,5,0,5,5
120,dza,Algeria,1985,174160,0,0,174160,0,174160,5,0,5,5
121,dza,Algeria,1986,167220,0,0,167220,0,167220,0,0,0,0
122,dza,Algeria,1987,167000,0,0,167000,0,167000,0,0,0,0
123,dza,Algeria,1988,170000,0,0,170000,0,170000,5,0,5,5
124,dza,Algeria,1989,169103,0,0,169103,0,169103,5,0,5,5
125,dza,Algeria,1990,169110,0,0,169110,0,169110,18,0,18,18
126,dza,Algeria,1991,169124,0,0,169124,0,169124,55,0,55,55
127,dza,Algeria,1992,219314,0,0,219314,0,219314,69,0,69,69
128,dza,Algeria,1993,219067,0,0,219067,0,219067,84,0,84,84
129,dza,Algeria,1994,219073,0,0,219073,0,219073,20744,0,20744,20744
130,dza,Algeria,1995,192489,0,0,192489,0,192489,1522,0,1522,1522
131,dza,Algeria,1996,190267,0,0,190267,0,190267,2245,0,2245,2245
132,dza,Algeria,1997,170736,0,0,170736,0,170736,3409,0,3409,3409
133,dza,Algeria,1998,165226,0,0,165226,0,165226,5717,0,5717,5717
134,dza,Algeria,1999,165249,0,0,165249,0,165249,7140,0,7140,7140
135,dza,Algeria,2000,169654,309,0,169963,0,169963,8015,2320,10335,10335
136,dza,Algeria,2001,169417,110,0,169527,0,169527,8399,2746,11145,11145
137,dza,Algeria,2002,169233,0,0,169233,0,169233,12088,2374,14462,14462
138,dza,Algeria,2003,169032,0,0,169032,0,169032,11651,1910,13561,13561
139,dza,Algeria,2004,169053,0,0,169053,0,169053,10650,1335,11985,11985
140,dza,Algeria,2005,94104,299,0,94403,0,94403,12024,1381,13405,13405
141,dza,Algeria,2006,94181,935,0,95116,0,95116,8338,1531,9869,9869
142,dza,Algeria,2007,94137,1587,0,95724,0,95724,10599,1340,11939,11939
143,dza,Algeria,2008,94094,899,0,94993,0,94993,9044,1522,10566,10566
144,dza,Algeria,2009,94136,157,0,94293,0,94293,8168,1537,9705,9705
145,dza,Algeria,2010,94141,300,0,94441,0,94441,6665,1714,8379,8379
146,dza,Algeria,2011,94145,805,0,94950,0,94950,6093,2183,8276,8276
147,dza,Algeria,2012,94130,1722,0,95852,0,95852,5657,2463,8120,8120
148,dza,Algeria,2013,94142,1795,0,95937,0,95937,3643,4286,7929,7929
149,dza,Algeria,2014,94119,4864,0,98983,0,98983,3509,5127,8636,8636
150,dza,Algeria,2015,94176,6573,0,100749,0,100749,3470,7622,11092,11092
151,dza,Algeria,2016,94220,5700,0,99920,0,99920,3705,7177,10882,10882
152,dza,Algeria,2017,94248,6353,0,100601,0,100601,4021,6432,10453,10453
153,dza,Algeria,2018,94341,8910,0,103251,0,103251,4181,7447,11628,11628
154,dza,Algeria,2019,98599,1647,0,100246,0,100246,4514,7703,12217,12217
155,dza,Algeria,2020,97651,2124,0,99775,0,99775,4571,7779,12350,12350
156,dza,Algeria,2021,97890,2130,0,100020,0,100020,6003,6871,12874,12874
157,dza,Algeria,2022,99107,3646,0,102753,0,102753,7734,8923,16657,16657
158,dza,Algeria,2023,99389,3750,0,103139,0,103139,7788,10034,17822,17822
159,and,Andorra,2001,0,0,0,0,0,0,0,7,7,7
160,and,Andorra,2002,0,0,0,0,0,0,9,5,14,14
161,and,Andorra,2003,0,0,0,0,0,0,7,5,12,12
162,and,Andorra,2004,0,0,0,0,0,0,0,5,5,5
163,and,Andorra,2005,0,0,0,0,0,0,10,5,15,15
164,and,Andorra,2006,0,0,0,0,0,0,10,0,10,10
165,and,Andorra,2007,0,0,0,0,0,0,10,5,15,15
166,and,Andorra,2008,0,0,0,0,0,0,5,5,10,10
167,and,Andorra,2009,0,0,0,0,0,0,5,0,5,5
168,and,Andorra,2010,0,0,0,0,0,0,5,0,5,5
169,and,Andorra,2011,0,0,0,0,0,0,5,0,5,5
170,and,Andorra,2012,0,0,0,0,0,0,6,0,6,6
171,and,Andorra,2013,0,0,0,0,0,0,5,0,5,5
172,and,Andorra,2014,0,0,0,0,0,0,5,0,5,5
173,and,Andorra,2015,0,0,0,0,0,0,5,5,10,10
174,and,Andorra,2016,0,0,0,0,0,0,0,5,5,5
175,and,Andorra,2017,0,0,0,0,0,0,0,5,5,5
176,and,Andorra,2018,0,0,0,0,0,0,0,0,0,0
177,and,Andorra,2019,0,0,0,0,0,0,0,0,0,0
178,and,Andorra,2020,0,0,0,0,0,0,0,5,5,5
179,and,Andorra,2021,0,0,0,0,0,0,0,5,5,5
180,and,Andorra,2022,0,0,0,0,0,0,5,5,10,10
181,and,Andorra,2023,0,0,0,0,0,0,0,8,8,8
182,ago,Angola,1960,0,0,0,0,0,0,150000,0,150000,150000
183,ago,Angola,1961,0,0,0,0,0,0,150000,0,150000,150000
184,ago,Angola,1962,0,0,0,0,0,0,170000,0,170000,170000
185,ago,Angola,1963,0,0,0,0,0,0,175000,0,175000,175000
186,ago,Angola,1964,0,0,0,0,0,0,200000,0,200000,200000
187,ago,Angola,1965,0,0,0,0,0,0,220000,0,220000,220000
188,ago,Angola,1966,0,0,0,0,0,0,303800,0,303800,303800
189,ago,Angola,1967,0,0,0,0,0,0,356200,0,356200,356200
190,ago,Angola,1968,0,0,0,0,0,0,381360,0,381360,381360
191,ago,Angola,1969,0,0,0,0,0,0,408190,0,408190,408190
192,ago,Angola,1970,0,0,0,0,0,0,414120,0,414120,414120
193,ago,Angola,1971,0,0,0,0,0,0,419690,0,419690,419690
194,ago,Angola,1972,0,0,0,0,0,0,421500,0,421500,421500
195,ago,Angola,1973,0,0,0,0,0,0,426550,0,426550,426550
196,ago,Angola,1974,0,0,0,0,0,0,497390,0,497390,497390
197,ago,Angola,1975,0,0,0,0,0,0,501830,0,501830,501830
198,ago,Angola,1976,10000,0,0,10000,0,10000,499190,0,499190,499190
199,ago,Angola,1977,235000,0,0,235000,0,235000,529830,0,529830,529830
200,ago,Angola,1978,141550,0,0,141550,0,141550,646110,0,646110,646110
201,ago,Angola,1979,66000,0,0,66000,0,66000,652980,0,652980,652980
202,ago,Angola,1980,75000,0,0,75000,0,75000,449030,0,449030,449030
203,ago,Angola,1981,91700,0,0,91700,0,91700,457060,0,457060,457060
204,ago,Angola,1982,96280,0,0,96280,0,96280,465890,0,465890,465890
205,ago,Angola,1983,96280,0,0,96280,0,96280,298110,0,298110,298110
206,ago,Angola,1984,92260,0,0,92260,0,92260,357821,0,357821,357821
207,ago,Angola,1985,91520,0,0,91520,0,91520,317392,0,317392,317392
208,ago,Angola,1986,92250,0,0,92250,0,92250,355412,0,355412,355412
209,ago,Angola,1987,91210,0,0,91210,0,91210,391733,0,391733,391733
210,ago,Angola,1988,90350,0,0,90350,0,90350,407566,0,407566,407566
211,ago,Angola,1989,12899,0,0,12899,0,12899,408692,0,408692,408692
212,ago,Angola,1990,11557,0,0,11557,0,11557,407760,0,407760,407760
213,ago,Angola,1991,11022,0,0,11022,0,11022,381638,0,381638,381638
214,ago,Angola,1992,11002,0,0,11002,0,11002,300494,0,300494,300494
215,ago,Angola,1993,10873,0,0,10873,88000,98873,323822,0,323822,411822
216,ago,Angola,1994,10684,0,0,10684,303800,314484,282570,0,282570,586370
217,ago,Angola,1995,10878,0,0,10878,0,10878,246653,0,246653,246653
218,ago,Angola,1996,9379,0,0,9379,0,9379,249686,0,249686,249686
219,ago,Angola,1997,9361,0,0,9361,0,9361,267687,0,267687,267687
220,ago,Angola,1998,10603,0,0,10603,0,10603,319420,0,319420,319420
221,ago,Angola,1999,13068,0,0,13068,0,13068,353472,0,353472,353472
222,ago,Angola,2000,12086,880,0,12966,257508,270474,433756,5489,439245,696753
223,ago,Angola,2001,12245,904,0,13149,202000,215149,470616,9848,480464,682464
224,ago,Angola,2002,12249,925,0,13174,188728,201902,435415,14272,449687,638415
225,ago,Angola,2003,13375,999,0,14374,0,14374,329573,11711,341284,341284
226,ago,Angola,2004,13963,920,0,14883,0,14883,228842,9540,238382,238382
227,ago,Angola,2005,13978,878,0,14856,0,14856,215811,8336,224147,224147
228,ago,Angola,2006,13086,1586,0,14672,0,14672,206482,1577,208059,208059
229,ago,Angola,2007,12064,2918,0,14982,0,14982,186137,788,186925,186925
230,ago,Angola,2008,12704,3179,0,15883,0,15883,171374,734,172108,172108
231,ago,Angola,2009,14722,4228,0,18950,0,18950,141006,696,141702,141702
232,ago,Angola,2010,15142,4228,0,19370,0,19370,134851,710,135561,135561
233,ago,Angola,2011,16212,3154,0,19366,0,19366,128657,773,129430,129430
234,ago,Angola,2012,23401,20321,0,43722,0,43722,19253,1158,20411,20411
235,ago,Angola,2013,23771,20031,0,43802,0,43802,10274,1442,11716,11716
236,ago,Angola,2014,15468,30200,0,45668,0,45668,9468,1718,11186,11186
237,ago,Angola,2015,15547,30131,0,45678,0,45678,11855,3251,15106,15106
238,ago,Angola,2016,15547,30131,0,45678,0,45678,8388,4767,13155,13155
239,ago,Angola,2017,41119,30131,0,71250,0,71250,8292,7819,16111,16111
240,ago,Angola,2018,39856,30128,0,69984,0,69984,8243,8904,17147,17147
241,ago,Angola,2019,25793,30178,0,55971,0,55971,8176,10772,18948,18948
242,ago,Angola,2020,25791,30278,0,56069,0,56069,8196,12402,20598,20598
243,ago,Angola,2021,26045,30279,0,56324,0,56324,11403,12692,24095,24095
244,ago,Angola,2022,25514,30268,0,55782,0,55782,12021,16523,28544,28544
245,ago,Angola,2023,24983,28294,0,53277,0,53277,12456,19408,31864,31864
246,atg,Antigua and Barbuda,2000,0,0,0,0,0,0,0,6,6,6
247,atg,Antigua and Barbuda,2001,0,0,0,0,0,0,5,6,11,11
248,atg,Antigua and Barbuda,2002,0,0,0,0,0,0,5,41,46,46
249,atg,Antigua and Barbuda,2003,0,0,0,0,0,0,5,22,27,27
250,atg,Antigua and Barbuda,2004,0,0,0,0,0,0,13,13,26,26
251,atg,Antigua and Barbuda,2005,0,0,0,0,0,0,13,7,20,20
252,atg,Antigua and Barbuda,2006,0,0,0,0,0,0,18,8,26,26
253,atg,Antigua and Barbuda,2007,0,0,0,0,0,0,24,0,24,24
254,atg,Antigua and Barbuda,2008,0,0,0,0,0,0,25,25,50,50
255,atg,Antigua and Barbuda,2009,0,0,0,0,0,0,27,41,68,68
256,atg,Antigua and Barbuda,2010,0,0,0,0,0,0,28,32,60,60
257,atg,Antigua and Barbuda,2011,0,0,0,0,0,0,32,32,64,64
258,atg,Antigua and Barbuda,2012,0,0,0,0,0,0,45,35,80,80
259,atg,Antigua and Barbuda,2013,0,0,0,0,0,0,50,28,78,78
260,atg,Antigua and Barbuda,2014,0,0,0,0,0,0,53,15,68,68
261,atg,Antigua and Barbuda,2015,15,0,0,15,0,15,56,12,68,68
262,atg,Antigua and Barbuda,2016,5,0,0,5,0,5,82,30,112,112
263,atg,Antigua and Barbuda,2017,0,0,0,0,0,0,99,63,162,162
264,atg,Antigua and Barbuda,2018,0,0,0,0,0,0,107,47,154,154
265,atg,Antigua and Barbuda,2019,0,0,0,0,0,0,117,65,182,182
266,atg,Antigua and Barbuda,2020,0,0,0,0,0,0,108,51,159,159
267,atg,Antigua and Barbuda,2021,0,0,0,0,0,0,105,55,160,160
268,atg,Antigua and Barbuda,2022,0,0,0,0,0,0,58,58,116,116
269,atg,Antigua and Barbuda,2023,0,0,0,0,0,0,55,57,112,112
270,arg,Argentina,1969,32000,0,0,32000,0,32000,0,0,0,0
271,arg,Argentina,1970,35000,0,0,35000,0,35000,0,0,0,0
272,arg,Argentina,1971,34000,0,0,34000,0,34000,0,0,0,0
273,arg,Argentina,1972,33000,0,0,33000,0,33000,0,0,0,0
274,arg,Argentina,1973,37000,0,0,37000,0,37000,0,0,0,0
275,arg,Argentina,1974,47000,0,0,47000,0,47000,0,0,0,0
276,arg,Argentina,1975,46000,0,0,46000,0,46000,0,0,0,0
277,arg,Argentina,1976,41010,0,0,41010,0,41010,0,0,0,0
278,arg,Argentina,1977,35000,0,0,35000,0,35000,0,0,0,0
279,arg,Argentina,1978,26390,0,0,26390,0,26390,0,0,0,0
280,arg,Argentina,1979,27050,0,0,27050,0,27050,0,0,0,0
281,arg,Argentina,1980,26460,0,0,26460,0,26460,38,0,38,38
282,arg,Argentina,1981,26500,0,0,26500,0,26500,38,0,38,38
283,arg,Argentina,1982,11500,0,0,11500,0,11500,1019,0,1019,1019
284,arg,Argentina,1983,11500,0,0,11500,0,11500,42,0,42,42
285,arg,Argentina,1984,11500,0,0,11500,0,11500,42,0,42,42
286,arg,Argentina,1985,14000,0,0,14000,0,14000,51,0,51,51
287,arg,Argentina,1986,14000,0,0,14000,0,14000,52,0,52,52
288,arg,Argentina,1987,13580,0,0,13580,0,13580,47,0,47,47
289,arg,Argentina,1988,13578,0,0,13578,0,13578,46,0,46,46
290,arg,Argentina,1989,12634,0,0,12634,0,12634,103,0,103,103
291,arg,Argentina,1990,11735,0,0,11735,0,11735,332,0,332,332
292,arg,Argentina,1991,11529,0,0,11529,0,11529,196,0,196,196
293,arg,Argentina,1992,11515,0,0,11515,0,11515,111,0,111,111
294,arg,Argentina,1993,11623,0,0,11623,0,11623,97,0,97,97
295,arg,Argentina,1994,11903,0,0,11903,0,11903,467,0,467,467
296,arg,Argentina,1995,10314,0,0,10314,0,10314,330,0,330,330
297,arg,Argentina,1996,10430,0,0,10430,0,10430,218,0,218,218
298,arg,Argentina,1997,10522,0,0,10522,0,10522,157,0,157,157
299,arg,Argentina,1998,2259,0,0,2259,0,2259,140,0,140,140
300,arg,Argentina,1999,2335,0,0,2335,0,2335,585,0,585,585
301,arg,Argentina,2000,2383,1274,0,3657,0,3657,608,1559,2167,2167
302,arg,Argentina,2001,2384,1544,0,3928,0,3928,660,1450,2110,2110
303,arg,Argentina,2002,2428,1535,0,3963,0,3963,764,1331,2095,2095
304,arg,Argentina,2003,2631,1188,0,3819,0,3819,777,1125,1902,1902
305,arg,Argentina,2004,2898,973,0,3871,0,3871,789,500,1289,1289
306,arg,Argentina,2005,3051,804,0,3855,0,3855,850,285,1135,1135
307,arg,Argentina,2006,3132,854,0,3986,0,3986,888,176,1064,1064
308,arg,Argentina,2007,3247,1080,0,4327,0,4327,1164,117,1281,1281
309,arg,Argentina,2008,2824,710,0,3534,0,3534,1039,139,1178,1178
310,arg,Argentina,2009,3209,742,0,3951,0,3951,604,154,758,758
311,arg,Argentina,2010,3257,916,0,4173,0,4173,553,84,637,637
312,arg,Argentina,2011,3341,1196,0,4537,0,4537,506,54,560,560
313,arg,Argentina,2012,3468,1901,0,5369,0,5369,435,41,476,476
314,arg,Argentina,2013,3340,899,0,4239,0,4239,381,71,452,452
315,arg,Argentina,2014,3473,846,0,4319,0,4319,311,102,413,413
316,arg,Argentina,2015,3187,1062,0,4249,0,4249,186,160,346,346
317,arg,Argentina,2016,3267,3917,0,7184,0,7184,120,219,339,339
318,arg,Argentina,2017,3332,4111,0,7443,0,7443,121,352,473,473
319,arg,Argentina,2018,3442,6102,127152,136696,0,136696,112,489,601,601
320,arg,Argentina,2019,3857,7981,173343,185181,0,185181,99,932,1031,1031
321,arg,Argentina,2020,3965,9176,171659,184800,0,184800,99,1189,1288,1288
322,arg,Argentina,2021,4050,11026,164622,179698,0,179698,124,1774,1898,1898
323,arg,Argentina,2022,4094,11100,165174,180368,0,180368,194,2271,2465,2465
324,arg,Argentina,2023,4109,11689,214771,230569,0,230569,268,3347,3615,3615
325,arm,Armenia,1964,0,0,0,0,0,0,170,0,170,170
326,arm,Armenia,1965,0,0,0,0,0,0,0,0,0,0
327,arm,Armenia,1966,0,0,0,0,0,0,0,0,0,0
328,arm,Armenia,1967,0,0,0,0,0,0,0,0,0,0
329,arm,Armenia,1968,0,0,0,0,0,0,200,0,200,200
330,arm,Armenia,1969,0,0,0,0,0,0,200,0,200,200
331,arm,Armenia,1970,0,0,0,0,0,0,200,0,200,200
332,arm,Armenia,1971,0,0,0,0,0,0,4070,0,4070,4070
333,arm,Armenia,1972,0,0,0,0,0,0,3500,0,3500,3500
334,arm,Armenia,1973,0,0,0,0,0,0,0,0,0,0
335,arm,Armenia,1974,0,0,0,0,0,0,0,0,0,0
336,arm,Armenia,1975,0,0,0,0,0,0,0,0,0,0
337,arm,Armenia,1976,0,0,0,0,0,0,0,0,0,0
338,arm,Armenia,1977,0,0,0,0,0,0,440,0,440,440
339,arm,Armenia,1978,0,0,0,0,0,0,420,0,420,420
340,arm,Armenia,1979,0,0,0,0,0,0,700,0,700,700
341,arm,Armenia,1980,0,0,0,0,0,0,333,0,333,333
342,arm,Armenia,1981,0,0,0,0,0,0,333,0,333,333
343,arm,Armenia,1982,0,0,0,0,0,0,733,0,733,733
344,arm,Armenia,1983,0,0,0,0,0,0,333,0,333,333
345,arm,Armenia,1984,0,0,0,0,0,0,333,0,333,333
346,arm,Armenia,1985,0,0,0,0,0,0,333,0,333,333
347,arm,Armenia,1986,0,0,0,0,0,0,528,0,528,528
348,arm,Armenia,1987,0,0,0,0,0,0,208,0,208,208
349,arm,Armenia,1988,0,0,0,0,0,0,300,0,300,300
350,arm,Armenia,1989,0,0,0,0,0,0,0,0,0,0
351,arm,Armenia,1990,0,0,0,0,0,0,0,0,0,0
352,arm,Armenia,1991,0,0,0,0,0,0,0,0,0,0
353,arm,Armenia,1992,300000,0,0,300000,0,300000,195000,0,195000,195000
354,arm,Armenia,1993,334000,0,0,334000,77000,411000,200116,0,200116,277116
355,arm,Armenia,1994,304040,0,0,304040,72000,376040,201837,0,201837,273837
356,arm,Armenia,1995,218950,0,0,218950,72000,290950,201439,0,201439,273439
357,arm,Armenia,1996,218950,0,0,218950,72000,290950,203232,0,203232,275232
358,arm,Armenia,1997,219000,0,0,219000,72000,291000,203690,0,203690,275690
359,arm,Armenia,1998,310012,0,0,310012,0,310012,193147,0,193147,193147
360,arm,Armenia,1999,296215,0,0,296215,0,296215,193228,0,193228,193228
361,arm,Armenia,2000,280586,0,0,280586,0,280586,5787,5228,11015,11015
362,arm,Armenia,2001,264337,0,0,264337,0,264337,7206,6087,13293,13293
363,arm,Armenia,2002,247549,0,0,247549,0,247549,13244,5667,18911,18911
364,arm,Armenia,2003,239289,30,0,239319,0,239319,13158,4965,18123,18123
365,arm,Armenia,2004,235233,64,0,235297,0,235297,13409,4044,17453,17453
366,arm,Armenia,2005,219547,64,0,219611,0,219611,13965,4339,18304,18304
367,arm,Armenia,2006,113713,75,0,113788,0,113788,14913,5401,20314,20314
368,arm,Armenia,2007,4564,97,0,4661,0,4661,15435,3985,19420,19420
369,arm,Armenia,2008,3952,170,0,4122,0,4122,16333,3764,20097,20097
370,arm,Armenia,2009,3605,38,0,3643,0,3643,18004,4085,22089,22089
371,arm,Armenia,2010,3292,14,0,3306,0,3306,17553,2947,20500,20500
372,arm,Armenia,2011,2913,17,0,2930,0,2930,16491,2652,19143,19143
373,arm,Armenia,2012,2849,378,0,3227,0,3227,15937,2888,18825,18825
374,arm,Armenia,2013,13727,70,0,13797,0,13797,11995,5363,17358,17358
375,arm,Armenia,2014,17635,57,0,17692,0,17692,11839,6287,18126,18126
376,arm,Armenia,2015,19314,51,0,19365,0,19365,11211,8491,19702,19702
377,arm,Armenia,2016,17883,73,0,17956,0,17956,10707,13092,23799,23799
378,arm,Armenia,2017,17968,62,0,18030,0,18030,10786,14907,25693,25693
379,arm,Armenia,2018,17966,105,0,18071,0,18071,11040,13697,24737,24737
380,arm,Armenia,2019,17980,158,0,18138,0,18138,10962,11097,22059,22059
381,arm,Armenia,2020,107910,136,0,108046,0,108046,10334,8850,19184,19184
382,arm,Armenia,2021,34728,181,0,34909,0,34909,12255,9291,21546,21546
383,arm,Armenia,2022,34634,580,0,35214,0,35214,14868,13474,28342,28342
384,arm,Armenia,2023,34757,628,0,35385,0,35385,15553,16021,31574,31574
385,aus,Australia,1951,180000,0,0,180000,0,180000,0,0,0,0
386,aus,Australia,1952,0,0,0,0,0,0,0,0,0,0
387,aus,Australia,1953,0,0,0,0,0,0,0,0,0,0
388,aus,Australia,1954,0,0,0,0,0,0,0,0,0,0
389,aus,Australia,1955,0,0,0,0,0,0,0,0,0,0
390,aus,Australia,1956,0,0,0,0,0,0,0,0,0,0
391,aus,Australia,1957,0,0,0,0,0,0,0,0,0,0
392,aus,Australia,1958,0,0,0,0,0,0,0,0,0,0
393,aus,Australia,1959,0,0,0,0,0,0,0,0,0,0
394,aus,Australia,1960,0,0,0,0,0,0,0,0,0,0
395,aus,Australia,1961,0,0,0,0,0,0,0,0,0,0
396,aus,Australia,1962,0,0,0,0,0,0,0,0,0,0
397,aus,Australia,1963,0,0,0,0,0,0,0,0,0,0
398,aus,Australia,1964,0,0,0,0,0,0,0,0,0,0
399,aus,Australia,1965,40000,0,0,40000,0,40000,0,0,0,0
400,aus,Australia,1966,40000,0,0,40000,0,40000,0,0,0,0
401,aus,Australia,1967,44000,0,0,44000,0,44000,0,0,0,0
402,aus,Australia,1968,43000,0,0,43000,0,43000,0,0,0,0
403,aus,Australia,1969,42000,0,0,42000,0,42000,0,0,0,0
404,aus,Australia,1970,42000,0,0,42000,0,42000,0,0,0,0
405,aus,Australia,1971,0,0,0,0,0,0,0,0,0,0
406,aus,Australia,1972,0,0,0,0,0,0,0,0,0,0
407,aus,Australia,1973,0,0,0,0,0,0,0,0,0,0
408,aus,Australia,1974,0,0,0,0,0,0,0,0,0,0
409,aus,Australia,1975,0,0,0,0,0,0,0,0,0,0
410,aus,Australia,1976,0,0,0,0,0,0,0,0,0,0
411,aus,Australia,1977,0,0,0,0,0,0,0,0,0,0
412,aus,Australia,1978,304000,0,0,304000,0,304000,0,0,0,0
413,aus,Australia,1979,304000,0,0,304000,0,304000,0,0,0,0
414,aus,Australia,1980,304000,0,0,304000,0,304000,0,0,0,0
415,aus,Australia,1981,317000,0,0,317000,0,317000,0,0,0,0
416,aus,Australia,1982,317000,0,0,317000,0,317000,0,0,0,0
417,aus,Australia,1983,317000,0,0,317000,0,317000,0,0,0,0
418,aus,Australia,1984,89000,0,0,89000,0,89000,0,0,0,0
419,aus,Australia,1985,89000,0,0,89000,0,89000,0,0,0,0
420,aus,Australia,1986,85900,0,0,85900,0,85900,0,0,0,0
421,aus,Australia,1987,87600,0,0,87600,0,87600,0,0,0,0
422,aus,Australia,1988,90970,0,0,90970,0,90970,0,0,0,0
423,aus,Australia,1989,97915,0,0,97915,0,97915,0,0,0,0
424,aus,Australia,1990,97915,0,0,97915,0,97915,0,0,0,0
425,aus,Australia,1991,53117,0,0,53117,0,53117,0,0,0,0
426,aus,Australia,1992,52604,0,0,52604,0,52604,0,0,0,0
427,aus,Australia,1993,53505,0,0,53505,0,53505,0,0,0,0
428,aus,Australia,1994,57575,0,0,57575,0,57575,0,0,0,0
429,aus,Australia,1995,62145,0,0,62145,0,62145,0,0,0,0
430,aus,Australia,1996,67298,0,0,67298,0,67298,0,0,0,0
431,aus,Australia,1997,66056,0,0,66056,0,66056,0,0,0,0
432,aus,Australia,1998,69714,0,0,69714,0,69714,0,0,0,0
433,aus,Australia,1999,64879,0,0,64879,0,64879,0,0,0,0
434,aus,Australia,2000,60219,10877,0,71096,0,71096,0,5,5,5
435,aus,Australia,2001,57885,11558,0,69443,0,69443,0,10,10,10
436,aus,Australia,2002,59422,7271,0,66693,0,66693,9,14,23,23
437,aus,Australia,2003,56242,2978,0,59220,0,59220,12,5,17,17
438,aus,Australia,2004,63478,5017,0,68495,0,68495,11,7,18,18
439,aus,Australia,2005,64955,1756,0,66711,0,66711,41,0,41,41
440,aus,Australia,2006,68942,1366,0,70308,0,70308,29,5,34,34
441,aus,Australia,2007,22161,1459,0,23620,0,23620,57,0,57,57
442,aus,Australia,2008,20915,2140,0,23055,0,23055,37,9,46,46
443,aus,Australia,2009,22543,2306,0,24849,0,24849,23,9,32,32
444,aus,Australia,2010,21790,3714,0,25504,0,25504,38,10,48,48
445,aus,Australia,2011,23423,5210,0,28633,0,28633,38,5,43,43
446,aus,Australia,2012,30061,10991,0,41052,0,41052,47,5,52,52
447,aus,Australia,2013,34485,13509,0,47994,0,47994,27,5,32,32
448,aus,Australia,2014,35565,21462,0,57027,0,57027,27,0,27,27
449,aus,Australia,2015,36917,20752,0,57669,0,57669,21,0,21,21
450,aus,Australia,2016,42187,29633,0,71820,0,71820,15,10,25,25
451,aus,Australia,2017,48480,48029,0,96509,0,96509,10,10,20,20
452,aus,Australia,2018,56934,60645,0,117579,0,117579,10,17,27,27
453,aus,Australia,2019,58529,77362,0,135891,0,135891,20,50,70,70
454,aus,Australia,2020,57411,80801,0,138212,0,138212,20,12,32,32
455,aus,Australia,2021,55606,82810,0,138416,0,138416,16,21,37,37
456,aus,Australia,2022,54430,90549,0,144979,0,144979,36,25,61,61
457,aus,Australia,2023,54430,90549,0,144979,0,144979,29,59,88,88
458,aut,Austria,1951,282000,0,0,282000,0,282000,0,0,0,0
459,aut,Austria,1952,238200,0,0,238200,0,238200,0,0,0,0
460,aut,Austria,1953,215200,0,0,215200,0,215200,0,0,0,0
461,aut,Austria,1954,150000,0,0,150000,0,150000,0,0,0,0
462,aut,Austria,1955,110000,0,0,110000,0,110000,0,0,0,0
463,aut,Austria,1956,140000,0,0,140000,0,140000,0,0,0,0
464,aut,Austria,1957,68000,0,0,68000,0,68000,0,0,0,0
465,aut,Austria,1958,53000,0,0,53000,0,53000,0,0,0,0
466,aut,Austria,1959,44000,0,0,44000,0,44000,0,0,0,0
467,aut,Austria,1960,39000,0,0,39000,0,39000,0,0,0,0
468,aut,Austria,1961,34000,0,0,34000,0,34000,0,0,0,0
469,aut,Austria,1962,30000,0,0,30000,0,30000,0,0,0,0
470,aut,Austria,1963,27000,0,0,27000,0,27000,0,0,0,0
471,aut,Austria,1964,25000,0,0,25000,0,25000,0,0,0,0
472,aut,Austria,1965,25000,0,0,25000,0,25000,0,0,0,0
473,aut,Austria,1966,24500,0,0,24500,0,24500,0,0,0,0
474,aut,Austria,1967,24000,0,0,24000,0,24000,0,0,0,0
475,aut,Austria,1968,24000,0,0,24000,0,24000,0,0,0,0
476,aut,Austria,1969,25000,0,0,25000,0,25000,0,0,0,0
477,aut,Austria,1970,25300,0,0,25300,0,25300,0,0,0,0
478,aut,Austria,1971,25000,0,0,25000,0,25000,0,0,0,0
479,aut,Austria,1972,25000,0,0,25000,0,25000,0,0,0,0
480,aut,Austria,1973,25000,0,0,25000,0,25000,0,0,0,0
481,aut,Austria,1974,25000,0,0,25000,0,25000,0,0,0,0
482,aut,Austria,1975,20000,0,0,20000,0,20000,0,0,0,0
483,aut,Austria,1976,25000,0,0,25000,0,25000,0,0,0,0
484,aut,Austria,1977,20000,0,0,20000,0,20000,0,0,0,0
485,aut,Austria,1978,20000,0,0,20000,0,20000,0,0,0,0
486,aut,Austria,1979,25000,0,0,25000,0,25000,0,0,0,0
487,aut,Austria,1980,15525,0,0,15525,0,15525,0,0,0,0
488,aut,Austria,1981,17899,0,0,17899,0,17899,0,0,0,0
489,aut,Austria,1982,34963,0,0,34963,0,34963,0,0,0,0
490,aut,Austria,1983,37298,0,0,37298,0,37298,0,0,0,0
491,aut,Austria,1984,39099,0,0,39099,0,39099,0,0,0,0
492,aut,Austria,1985,40534,0,0,40534,0,40534,0,0,0,0
493,aut,Austria,1986,41176,0,0,41176,0,41176,0,0,0,0
494,aut,Austria,1987,41228,0,0,41228,0,41228,0,0,0,0
495,aut,Austria,1988,39830,0,0,39830,0,39830,0,0,0,0
496,aut,Austria,1989,39405,0,0,39405,0,39405,0,0,0,0
497,aut,Austria,1990,34938,0,0,34938,0,34938,0,0,0,0
498,aut,Austria,1991,34508,0,0,34508,0,34508,0,0,0,0
499,aut,Austria,1992,62355,0,0,62355,0,62355,0,0,0,0
500,aut,Austria,1993,57687,0,0,57687,0,57687,0,0,0,0
501,aut,Austria,1994,40703,0,0,40703,0,40703,60,0,60,60
502,aut,Austria,1995,34385,0,0,34385,0,34385,49,0,49,49
503,aut,Austria,1996,89116,0,0,89116,0,89116,53,0,53,53
504,aut,Austria,1997,84394,0,0,84394,0,84394,54,0,54,54
505,aut,Austria,1998,80294,0,0,80294,0,80294,63,0,63,63
506,aut,Austria,1999,82076,0,0,82076,0,82076,47,0,47,47
507,aut,Austria,2000,15493,9945,0,25438,0,25438,33,0,33,33
508,aut,Austria,2001,14375,15187,0,29562,0,29562,27,5,32,32
509,aut,Austria,2002,14122,29494,0,43616,0,43616,72,10,82,82
510,aut,Austria,2003,16097,33564,0,49661,0,49661,68,11,79,79
511,aut,Austria,2004,17777,38262,0,56039,0,56039,44,5,49,49
512,aut,Austria,2005,21212,40710,0,61922,0,61922,62,0,62,62
513,aut,Austria,2006,25475,42385,0,67860,0,67860,30,16,46,46
514,aut,Austria,2007,30767,38424,0,69191,0,69191,19,5,24,24
515,aut,Austria,2008,37546,36687,0,74233,0,74233,15,0,15,15
516,aut,Austria,2009,38895,32133,0,71028,0,71028,15,0,15,15
517,aut,Austria,2010,42613,25602,0,68215,0,68215,10,0,10,10
518,aut,Austria,2011,47055,24464,0,71519,0,71519,10,0,10,10
519,aut,Austria,2012,51707,22418,0,74125,0,74125,15,5,20,20
520,aut,Austria,2013,55575,22731,0,78306,0,78306,5,10,15,15
521,aut,Austria,2014,60724,22745,0,83469,0,83469,5,0,5,5
522,aut,Austria,2015,72198,80060,0,152258,0,152258,0,5,5,5
523,aut,Austria,2016,93242,76382,0,169624,0,169624,0,5,5,5
524,aut,Austria,2017,115252,56279,0,171531,0,171531,10,26,36,36
525,aut,Austria,2018,128779,37347,0,166126,0,166126,24,10,34,34
526,aut,Austria,2019,135951,26696,0,162647,0,162647,18,10,28,28
527,aut,Austria,2020,141816,20710,0,162526,0,162526,18,0,18,18
528,aut,Austria,2021,152514,27847,0,180361,0,180361,23,5,28,28
529,aut,Austria,2022,258613,53087,0,311700,0,311700,41,17,58,58
530,aut,Austria,2023,277158,35743,0,312901,0,312901,28,19,47,47
531,aze,Azerbaijan,1992,246000,0,0,246000,0,246000,300000,0,300000,300000
532,aze,Azerbaijan,1993,228840,0,0,228840,778000,1006840,328005,0,328005,1106005
533,aze,Azerbaijan,1994,231635,0,0,231635,663100,894735,299092,0,299092,962192
534,aze,Azerbaijan,1995,233682,0,0,233682,622100,855782,200519,0,200519,822619
535,aze,Azerbaijan,1996,233693,0,0,233693,549030,782723,236086,0,236086,785116
536,aze,Azerbaijan,1997,233716,0,0,233716,551077,784793,234949,0,234949,786026
537,aze,Azerbaijan,1998,221636,0,0,221636,576321,797957,329655,0,329655,905976
538,aze,Azerbaijan,1999,221642,0,0,221642,569550,791192,311131,0,311131,880681
539,aze,Azerbaijan,2000,280,3378,0,3658,572451,576109,284278,5282,289560,862011
540,aze,Azerbaijan,2001,363,6546,0,6909,572955,579864,268755,5740,274495,847450
541,aze,Azerbaijan,2002,453,8116,0,8569,577179,585748,260217,4986,265203,842382
542,aze,Azerbaijan,2003,324,8796,0,9120,575609,584729,253248,4633,257881,833490
543,aze,Azerbaijan,2004,8604,1228,0,9832,578545,588377,250584,3951,254535,833080
544,aze,Azerbaijan,2005,3004,101,0,3105,578545,581650,233678,4121,237799,816344
545,aze,Azerbaijan,2006,2619,83,0,2702,686586,689288,126068,3095,129163,815749
546,aze,Azerbaijan,2007,2351,69,0,2420,686586,689006,15922,1903,17825,704411
547,aze,Azerbaijan,2008,2060,40,0,2100,603251,605351,16321,1876,18197,621448
548,aze,Azerbaijan,2009,1643,47,0,1690,586013,587703,16945,2465,19410,605423
549,aze,Azerbaijan,2010,1894,15,0,1909,592860,594769,16756,2072,18828,611688
550,aze,Azerbaijan,2011,1727,42,0,1769,599192,600961,16168,2188,18356,617548
551,aze,Azerbaijan,2012,1467,137,0,1604,600336,601940,15541,2187,17728,618064
552,aze,Azerbaijan,2013,1377,268,0,1645,609029,610674,10808,3613,14421,623450
553,aze,Azerbaijan,2014,1298,398,0,1696,622892,624588,10508,4391,14899,637791
554,aze,Azerbaijan,2015,1279,215,0,1494,618220,619714,9707,5212,14919,633139
555,aze,Azerbaijan,2016,1193,255,0,1448,613129,614577,10118,8098,18216,631345
556,aze,Azerbaijan,2017,1120,124,0,1244,612785,614029,10893,9541,20434,633219
557,aze,Azerbaijan,2018,1130,209,0,1339,620423,621762,11246,9318,20564,640987
558,aze,Azerbaijan,2019,1109,181,0,1290,652326,653616,11626,8232,19858,672184
559,aze,Azerbaijan,2020,1572,48,0,1620,653921,655541,101468,6425,107893,761814
560,aze,Azerbaijan,2021,1676,34,0,1710,654839,656549,39478,5235,44713,699552
561,aze,Azerbaijan,2022,6414,152,0,6566,658793,665359,42116,5726,47842,706635
562,aze,Azerbaijan,2023,6280,159,0,6439,658793,665232,43305,6289,49594,708387
563,bhs,Bahamas,1992,374,0,0,374,0,374,0,0,0,0
564,bhs,Bahamas,1993,59,0,0,59,0,59,0,0,0,0
565,bhs,Bahamas,1994,0,0,0,0,0,0,0,0,0,0
566,bhs,Bahamas,1995,8,0,0,8,0,8,0,0,0,0
567,bhs,Bahamas,1996,47,0,0,47,0,47,0,0,0,0
568,bhs,Bahamas,1997,58,0,0,58,0,58,0,0,0,0
569,bhs,Bahamas,1998,78,0,0,78,0,78,0,0,0,0
570,bhs,Bahamas,1999,98,0,0,98,0,98,0,0,0,0
571,bhs,Bahamas,2000,98,0,0,98,0,98,0,7,7,7
572,bhs,Bahamas,2001,0,0,0,0,0,0,0,26,26,26
573,bhs,Bahamas,2002,0,0,0,0,0,0,0,163,163,163
574,bhs,Bahamas,2003,0,0,0,0,0,0,0,18,18,18
575,bhs,Bahamas,2004,0,0,0,0,0,0,0,19,19,19
576,bhs,Bahamas,2005,0,0,0,0,0,0,0,18,18,18
577,bhs,Bahamas,2006,0,0,0,0,0,0,12,22,34,34
578,bhs,Bahamas,2007,0,0,0,0,0,0,14,23,37,37
579,bhs,Bahamas,2008,0,0,0,0,0,0,11,26,37,37
580,bhs,Bahamas,2009,0,0,0,0,0,0,12,32,44,44
581,bhs,Bahamas,2010,27,8,0,35,0,35,17,28,45,45
582,bhs,Bahamas,2011,27,13,0,40,0,40,184,35,219,219
583,bhs,Bahamas,2012,36,13,0,49,0,49,195,32,227,227
584,bhs,Bahamas,2013,14,13,0,27,0,27,208,27,235,235
585,bhs,Bahamas,2014,12,19,0,31,0,31,216,40,256,256
586,bhs,Bahamas,2015,7,20,0,27,0,27,216,80,296,296
587,bhs,Bahamas,2016,9,17,0,26,0,26,298,119,417,417
588,bhs,Bahamas,2017,8,15,0,23,0,23,378,235,613,613
589,bhs,Bahamas,2018,14,24,0,38,0,38,421,391,812,812
590,bhs,Bahamas,2019,10,13,0,23,0,23,501,528,1029,1029
591,bhs,Bahamas,2020,15,13,0,28,0,28,534,695,1229,1229
592,bhs,Bahamas,2021,10,13,0,23,0,23,736,658,1394,1394
593,bhs,Bahamas,2022,10,31,0,41,0,41,781,1210,1991,1991
594,bhs,Bahamas,2023,10,31,0,41,0,41,945,1714,2659,2659
595,bhr,Bahrain,1974,60,0,0,60,0,60,0,0,0,0
596,bhr,Bahrain,1975,0,0,0,0,0,0,0,0,0,0
597,bhr,Bahrain,1976,0,0,0,0,0,0,0,0,0,0
598,bhr,Bahrain,1977,0,0,0,0,0,0,0,0,0,0
599,bhr,Bahrain,1978,0,0,0,0,0,0,0,0,0,0
600,bhr,Bahrain,1979,0,0,0,0,0,0,0,0,0,0
601,bhr,Bahrain,1980,0,0,0,0,0,0,0,0,0,0
602,bhr,Bahrain,1981,0,0,0,0,0,0,0,0,0,0
603,bhr,Bahrain,1982,0,0,0,0,0,0,0,0,0,0
604,bhr,Bahrain,1983,0,0,0,0,0,0,0,0,0,0
605,bhr,Bahrain,1984,0,0,0,0,0,0,0,0,0,0
606,bhr,Bahrain,1985,800,0,0,800,0,800,0,0,0,0
607,bhr,Bahrain,1986,0,0,0,0,0,0,0,0,0,0
608,bhr,Bahrain,1987,2360,0,0,2360,0,2360,0,0,0,0
609,bhr,Bahrain,1988,50,0,0,50,0,50,0,0,0,0
610,bhr,Bahrain,1989,150,0,0,150,0,150,0,0,0,0
611,bhr,Bahrain,1990,1780,0,0,1780,0,1780,39,0,39,39
612,bhr,Bahrain,1991,0,0,0,0,0,0,52,0,52,52
613,bhr,Bahrain,1992,0,0,0,0,0,0,53,0,53,53
614,bhr,Bahrain,1993,0,0,0,0,0,0,59,0,59,59
615,bhr,Bahrain,1994,0,0,0,0,0,0,74,0,74,74
616,bhr,Bahrain,1995,0,0,0,0,0,0,70,0,70,70
617,bhr,Bahrain,1996,0,0,0,0,0,0,64,0,64,64
618,bhr,Bahrain,1997,0,0,0,0,0,0,82,0,82,82
619,bhr,Bahrain,1998,0,0,0,0,0,0,94,0,94,94
620,bhr,Bahrain,1999,0,0,0,0,0,0,124,0,124,124
621,bhr,Bahrain,2000,0,0,0,0,0,0,92,51,143,143
622,bhr,Bahrain,2001,0,0,0,0,0,0,46,5,51,51
623,bhr,Bahrain,2002,0,0,0,0,0,0,49,5,54,54
624,bhr,Bahrain,2003,0,0,0,0,0,0,50,5,55,55
625,bhr,Bahrain,2004,0,5,0,5,0,5,52,18,70,70
626,bhr,Bahrain,2005,0,14,0,14,0,14,40,22,62,62
627,bhr,Bahrain,2006,0,15,0,15,0,15,56,14,70,70
628,bhr,Bahrain,2007,0,33,0,33,0,33,65,16,81,81
629,bhr,Bahrain,2008,48,48,0,96,0,96,72,10,82,82
630,bhr,Bahrain,2009,139,13,0,152,0,152,72,0,72,72
631,bhr,Bahrain,2010,165,66,0,231,0,231,81,24,105,105
632,bhr,Bahrain,2011,199,156,0,355,0,355,213,72,285,285
633,bhr,Bahrain,2012,289,46,0,335,0,335,294,103,397,397
634,bhr,Bahrain,2013,294,52,0,346,0,346,274,89,363,363
635,bhr,Bahrain,2014,310,44,0,354,0,354,344,98,442,442
636,bhr,Bahrain,2015,246,113,0,359,0,359,422,81,503,503
637,bhr,Bahrain,2016,270,111,0,381,0,381,461,118,579,579
638,bhr,Bahrain,2017,255,111,0,366,0,366,497,172,669,669
639,bhr,Bahrain,2018,262,58,0,320,0,320,540,136,676,676
640,bhr,Bahrain,2019,251,58,0,309,0,309,557,156,713,713
641,bhr,Bahrain,2020,256,104,0,360,0,360,534,118,652,652
642,bhr,Bahrain,2021,256,190,0,446,0,446,416,137,553,553
643,bhr,Bahrain,2022,255,122,0,377,0,377,312,158,470,470
644,bhr,Bahrain,2023,255,122,0,377,0,377,336,206,542,542
645,bgd,Bangladesh,1978,164000,0,0,164000,0,164000,0,0,0,0
646,bgd,Bangladesh,1979,0,0,0,0,0,0,0,0,0,0
647,bgd,Bangladesh,1980,0,0,0,0,0,0,0,0,0,0
648,bgd,Bangladesh,1981,0,0,0,0,0,0,0,0,0,0
649,bgd,Bangladesh,1982,0,0,0,0,0,0,0,0,0,0
650,bgd,Bangladesh,1983,0,0,0,0,0,0,0,0,0,0
651,bgd,Bangladesh,1984,0,0,0,0,0,0,0,0,0,0
652,bgd,Bangladesh,1985,0,0,0,0,0,0,0,0,0,0
653,bgd,Bangladesh,1986,0,0,0,0,0,0,0,0,0,0
654,bgd,Bangladesh,1987,0,0,0,0,0,0,0,0,0,0
655,bgd,Bangladesh,1988,0,0,0,0,0,0,5,0,5,5
656,bgd,Bangladesh,1989,0,0,0,0,0,0,5,0,5,5
657,bgd,Bangladesh,1990,145,0,0,145,0,145,477,0,477,477
658,bgd,Bangladesh,1991,40260,0,0,40260,0,40260,613,0,613,613
659,bgd,Bangladesh,1992,245154,0,0,245154,0,245154,53921,0,53921,53921
660,bgd,Bangladesh,1993,198950,0,0,198950,0,198950,57154,0,57154,57154
661,bgd,Bangladesh,1994,116227,0,0,116227,0,116227,56196,0,56196,56196
662,bgd,Bangladesh,1995,51117,0,0,51117,0,51117,56958,0,56958,56958
663,bgd,Bangladesh,1996,30690,0,0,30690,0,30690,57962,0,57962,57962
664,bgd,Bangladesh,1997,21603,0,0,21603,0,21603,44375,0,44375,44375
665,bgd,Bangladesh,1998,22275,0,0,22275,0,22275,4659,0,4659,4659
666,bgd,Bangladesh,1999,22209,0,0,22209,0,22209,4470,0,4470,4470
667,bgd,Bangladesh,2000,21623,0,0,21623,0,21623,5404,3322,8726,8726
668,bgd,Bangladesh,2001,22169,20,0,22189,0,22189,5544,3444,8988,8988
669,bgd,Bangladesh,2002,22024,21,0,22045,0,22045,5804,4827,10631,10631
670,bgd,Bangladesh,2003,19791,8,0,19799,0,19799,5563,8272,13835,13835
671,bgd,Bangladesh,2004,20450,9,0,20459,0,20459,5733,9339,15072,15072
672,bgd,Bangladesh,2005,21099,57,0,21156,0,21156,7303,10156,17459,17459
673,bgd,Bangladesh,2006,26308,78,0,26386,0,26386,7796,4009,11805,11805
674,bgd,Bangladesh,2007,27571,50,0,27621,0,27621,10235,7328,17563,17563
675,bgd,Bangladesh,2008,28384,0,0,28384,0,28384,10097,6713,16810,16810
676,bgd,Bangladesh,2009,228587,0,0,228587,0,228587,10428,1827,12255,12255
677,bgd,Bangladesh,2010,229256,0,0,229256,0,229256,10046,6492,16538,16538
678,bgd,Bangladesh,2011,229669,0,0,229669,0,229669,10047,5238,15285,15285
679,bgd,Bangladesh,2012,230696,0,0,230696,0,230696,10159,8162,18321,18321
680,bgd,Bangladesh,2013,231142,8,0,231150,0,231150,9720,22857,32577,32577
681,bgd,Bangladesh,2014,232468,14,0,232482,0,232482,10868,21604,32472,32472
682,bgd,Bangladesh,2015,231954,0,0,231954,0,231954,12154,30544,42698,42698
683,bgd,Bangladesh,2016,276203,0,0,276203,0,276203,13842,25929,39771,39771
684,bgd,Bangladesh,2017,932209,115,0,932324,0,932324,16780,68118,84898,84898
685,bgd,Bangladesh,2018,906640,39,0,906679,0,906679,21022,58843,79865,79865
686,bgd,Bangladesh,2019,854779,34,0,854813,0,854813,22766,62860,85626,85626
687,bgd,Bangladesh,2020,866534,18,0,866552,0,866552,18948,64636,83584,83584
688,bgd,Bangladesh,2021,918907,48,0,918955,0,918955,22672,65495,88167,88167
689,bgd,Bangladesh,2022,952384,24,0,952408,0,952408,23935,61298,85233,85233
690,bgd,Bangladesh,2023,961801,16,0,961817,0,961817,25311,65598,90909,90909
691,brb,Barbados,1994,0,0,0,0,0,0,5,0,5,5
692,brb,Barbados,1995,0,0,0,0,0,0,0,0,0,0
693,brb,Barbados,1996,0,0,0,0,0,0,0,0,0,0
694,brb,Barbados,1997,0,0,0,0,0,0,0,0,0,0
695,brb,Barbados,1998,0,0,0,0,0,0,0,0,0,0
696,brb,Barbados,1999,0,0,0,0,0,0,0,0,0,0
697,brb,Barbados,2000,0,0,0,0,0,0,5,8,13,13
698,brb,Barbados,2001,0,0,0,0,0,0,6,24,30,30
699,brb,Barbados,2002,0,0,0,0,0,0,6,61,67,67
700,brb,Barbados,2003,0,0,0,0,0,0,8,43,51,51
701,brb,Barbados,2004,0,0,0,0,0,0,10,12,22,22
702,brb,Barbados,2005,0,0,0,0,0,0,8,18,26,26
703,brb,Barbados,2006,0,0,0,0,0,0,28,37,65,65
704,brb,Barbados,2007,0,0,0,0,0,0,39,30,69,69
705,brb,Barbados,2008,0,0,0,0,0,0,33,45,78,78
706,brb,Barbados,2009,0,0,0,0,0,0,28,66,94,94
707,brb,Barbados,2010,0,0,0,0,0,0,29,63,92,92
708,brb,Barbados,2011,0,0,0,0,0,0,42,73,115,115
709,brb,Barbados,2012,0,0,0,0,0,0,50,56,106,106
710,brb,Barbados,2013,0,0,0,0,0,0,63,51,114,114
711,brb,Barbados,2014,0,0,0,0,0,0,82,17,99,99
712,brb,Barbados,2015,0,0,0,0,0,0,95,24,119,119
713,brb,Barbados,2016,0,0,0,0,0,0,144,44,188,188
714,brb,Barbados,2017,0,0,0,0,0,0,172,76,248,248
715,brb,Barbados,2018,0,5,0,5,0,5,211,81,292,292
716,brb,Barbados,2019,0,10,0,10,0,10,243,116,359,359
717,brb,Barbados,2020,0,5,0,5,0,5,230,120,350,350
718,brb,Barbados,2021,0,10,0,10,0,10,265,91,356,356
719,brb,Barbados,2022,0,0,0,0,0,0,231,226,457,457
720,brb,Barbados,2023,10,0,0,10,0,10,280,311,591,591
721,blr,Belarus,1994,1824,0,0,1824,0,1824,37,0,37,37
722,blr,Belarus,1995,28988,0,0,28988,0,28988,84,0,84,84
723,blr,Belarus,1996,30525,0,0,30525,0,30525,499,0,499,499
724,blr,Belarus,1997,50,0,0,50,0,50,300,0,300,300
725,blr,Belarus,1998,75,0,0,75,0,75,292,0,292,292
726,blr,Belarus,1999,261,0,0,261,0,261,1505,0,1505,1505
727,blr,Belarus,2000,453,410,0,863,0,863,2515,766,3281,3281
728,blr,Belarus,2001,581,354,0,935,0,935,3691,1131,4822,4822
729,blr,Belarus,2002,612,333,0,945,0,945,6366,2073,8439,8439
730,blr,Belarus,2003,631,318,0,949,0,949,7817,2099,9916,9916
731,blr,Belarus,2004,719,65,0,784,0,784,8226,1403,9629,9629
732,blr,Belarus,2005,718,50,0,768,0,768,8849,1425,10274,10274
733,blr,Belarus,2006,683,24,0,707,0,707,9368,1698,11066,11066
734,blr,Belarus,2007,643,10,0,653,0,653,4961,1202,6163,6163
735,blr,Belarus,2008,602,54,0,656,0,656,5376,1082,6458,6458
736,blr,Belarus,2009,578,84,0,662,0,662,5518,975,6493,6493
737,blr,Belarus,2010,587,62,0,649,0,649,5735,737,6472,6472
738,blr,Belarus,2011,594,46,0,640,0,640,5916,910,6826,6826
739,blr,Belarus,2012,572,56,0,628,0,628,6181,1013,7194,7194
740,blr,Belarus,2013,599,84,0,683,0,683,4387,870,5257,5257
741,blr,Belarus,2014,919,254,0,1173,0,1173,4296,931,5227,5227
742,blr,Belarus,2015,1805,273,0,2078,0,2078,4117,1472,5589,5589
743,blr,Belarus,2016,1647,228,0,1875,0,1875,3831,1985,5816,5816
744,blr,Belarus,2017,2155,273,0,2428,0,2428,3650,2862,6512,6512
745,blr,Belarus,2018,2225,184,0,2409,0,2409,3526,3282,6808,6808
746,blr,Belarus,2019,2725,131,0,2856,0,2856,3425,4012,7437,7437
747,blr,Belarus,2020,2900,143,0,3043,0,3043,3139,4698,7837,7837
748,blr,Belarus,2021,2729,114,0,2843,0,2843,4632,6799,11431,11431
749,blr,Belarus,2022,19715,639,0,20354,0,20354,11598,8396,19994,19994
750,blr,Belarus,2023,31602,344,0,31946,0,31946,13564,10458,24022,24022
751,bel,Belgium,1951,55000,0,0,55000,0,55000,0,0,0,0
752,bel,Belgium,1952,53500,0,0,53500,0,53500,0,0,0,0
753,bel,Belgium,1953,53000,0,0,53000,0,53000,0,0,0,0
754,bel,Belgium,1954,53000,0,0,53000,0,53000,0,0,0,0
755,bel,Belgium,1955,53000,0,0,53000,0,53000,0,0,0,0
756,bel,Belgium,1956,65000,0,0,65000,0,65000,0,0,0,0
757,bel,Belgium,1957,69000,0,0,69000,0,69000,0,0,0,0
758,bel,Belgium,1958,63000,0,0,63000,0,63000,0,0,0,0
759,bel,Belgium,1959,58000,0,0,58000,0,58000,0,0,0,0
760,bel,Belgium,1960,55000,0,0,55000,0,55000,0,0,0,0
761,bel,Belgium,1961,53000,0,0,53000,0,53000,0,0,0,0
762,bel,Belgium,1962,51000,0,0,51000,0,51000,0,0,0,0
763,bel,Belgium,1963,50000,0,0,50000,0,50000,0,0,0,0
764,bel,Belgium,1964,47000,0,0,47000,0,47000,0,0,0,0
765,bel,Belgium,1965,47000,0,0,47000,0,47000,0,0,0,0
766,bel,Belgium,1966,40000,0,0,40000,0,40000,0,0,0,0
767,bel,Belgium,1967,34000,0,0,34000,0,34000,0,0,0,0
768,bel,Belgium,1968,33000,0,0,33000,0,33000,0,0,0,0
769,bel,Belgium,1969,30000,0,0,30000,0,30000,0,0,0,0
770,bel,Belgium,1970,31500,0,0,31500,0,31500,0,0,0,0
771,bel,Belgium,1971,29000,0,0,29000,0,29000,0,0,0,0
772,bel,Belgium,1972,29000,0,0,29000,0,29000,0,0,0,0
773,bel,Belgium,1973,20000,0,0,20000,0,20000,0,0,0,0
774,bel,Belgium,1974,11100,0,0,11100,0,11100,0,0,0,0
775,bel,Belgium,1975,16788,0,0,16788,0,16788,0,0,0,0
776,bel,Belgium,1976,17000,0,0,17000,0,17000,0,0,0,0
777,bel,Belgium,1977,17000,0,0,17000,0,17000,0,0,0,0
778,bel,Belgium,1978,17000,0,0,17000,0,17000,0,0,0,0
779,bel,Belgium,1979,32000,0,0,32000,0,32000,0,0,0,0
780,bel,Belgium,1980,33000,0,0,33000,0,33000,0,0,0,0
781,bel,Belgium,1981,35000,0,0,35000,0,35000,0,0,0,0
782,bel,Belgium,1982,21000,0,0,21000,0,21000,0,0,0,0
783,bel,Belgium,1983,35000,0,0,35000,0,35000,0,0,0,0
784,bel,Belgium,1984,36400,0,0,36400,0,36400,0,0,0,0
785,bel,Belgium,1985,36600,0,0,36600,0,36600,0,0,0,0
786,bel,Belgium,1986,35900,0,0,35900,0,35900,0,0,0,0
787,bel,Belgium,1987,22000,0,0,22000,0,22000,0,0,0,0
788,bel,Belgium,1988,23117,0,0,23117,0,23117,0,0,0,0
789,bel,Belgium,1989,25531,0,0,25531,0,25531,0,0,0,0
790,bel,Belgium,1990,25911,0,0,25911,0,25911,0,0,0,0
791,bel,Belgium,1991,24071,0,0,24071,0,24071,0,0,0,0
792,bel,Belgium,1992,24292,0,0,24292,0,24292,0,0,0,0
793,bel,Belgium,1993,24908,0,0,24908,0,24908,0,0,0,0
794,bel,Belgium,1994,19497,0,0,19497,0,19497,0,0,0,0
795,bel,Belgium,1995,31691,0,0,31691,0,31691,5,0,5,5
796,bel,Belgium,1996,36060,0,0,36060,0,36060,5,0,5,5
797,bel,Belgium,1997,36060,0,0,36060,0,36060,9,0,9,9
798,bel,Belgium,1998,15501,0,0,15501,0,15501,14,0,14,14
799,bel,Belgium,1999,16747,0,0,16747,0,16747,15,0,15,15
800,bel,Belgium,2000,18821,46240,0,65061,0,65061,20,20,40,40
801,bel,Belgium,2001,12252,664,0,12916,0,12916,11,18,29,29
802,bel,Belgium,2002,12560,20027,0,32587,0,32587,21,24,45,45
803,bel,Belgium,2003,12583,22582,0,35165,0,35165,40,11,51,51
804,bel,Belgium,2004,13522,22857,0,36379,0,36379,41,17,58,58
805,bel,Belgium,2005,15277,18895,0,34172,0,34172,95,20,115,115
806,bel,Belgium,2006,16811,15715,0,32526,0,32526,63,35,98,98
807,bel,Belgium,2007,17578,15247,0,32825,0,32825,53,10,63,63
808,bel,Belgium,2008,17025,14261,0,31286,0,31286,58,27,85,85
809,bel,Belgium,2009,15536,18233,0,33769,0,33769,66,24,90,90
810,bel,Belgium,2010,17891,18288,0,36179,0,36179,80,6,86,86
811,bel,Belgium,2011,22396,19006,0,41402,0,41402,88,0,88,88
812,bel,Belgium,2012,22023,15023,0,37046,0,37046,91,13,104,104
813,bel,Belgium,2013,25617,11479,0,37096,0,37096,76,31,107,107
814,bel,Belgium,2014,29170,9943,0,39113,0,39113,76,21,97,97
815,bel,Belgium,2015,35302,35996,0,71298,0,71298,66,37,103,103
816,bel,Belgium,2016,42158,24098,0,66256,0,66256,44,20,64,64
817,bel,Belgium,2017,42158,18760,0,60918,0,60918,52,37,89,89
818,bel,Belgium,2018,42158,19550,0,61708,0,61708,50,79,129,129
819,bel,Belgium,2019,61662,10862,0,72524,0,72524,34,105,139,139
820,bel,Belgium,2020,64973,29305,0,94278,0,94278,28,62,90,90
821,bel,Belgium,2021,74063,28955,0,103018,0,103018,29,89,118,118
822,bel,Belgium,2022,150713,41810,0,192523,0,192523,28,86,114,114
823,bel,Belgium,2023,156921,40880,0,197801,0,197801,12,123,135,135
824,blz,Belize,1980,4000,0,0,4000,0,4000,0,0,0,0
825,blz,Belize,1981,7000,0,0,7000,0,7000,0,0,0,0
826,blz,Belize,1982,3120,0,0,3120,0,3120,0,0,0,0
827,blz,Belize,1983,7000,0,0,7000,0,7000,0,0,0,0
828,blz,Belize,1984,8180,0,0,8180,0,8180,0,0,0,0
829,blz,Belize,1985,9000,0,0,9000,0,9000,0,0,0,0
830,blz,Belize,1986,9000,0,0,9000,0,9000,0,0,0,0
831,blz,Belize,1987,10000,0,0,10000,0,10000,0,0,0,0
832,blz,Belize,1988,30100,0,0,30100,0,30100,0,0,0,0
833,blz,Belize,1989,30150,0,0,30150,0,30150,0,0,0,0
834,blz,Belize,1990,30657,0,0,30657,0,30657,0,0,0,0
835,blz,Belize,1991,29969,0,0,29969,0,29969,0,0,0,0
836,blz,Belize,1992,20351,0,0,20351,0,20351,0,0,0,0
837,blz,Belize,1993,8912,0,0,8912,0,8912,0,0,0,0
838,blz,Belize,1994,8857,0,0,8857,0,8857,8,0,8,8
839,blz,Belize,1995,8750,0,0,8750,0,8750,8,0,8,8
840,blz,Belize,1996,8534,0,0,8534,0,8534,5,0,5,5
841,blz,Belize,1997,8387,0,0,8387,0,8387,0,0,0,0
842,blz,Belize,1998,3483,0,0,3483,0,3483,0,0,0,0
843,blz,Belize,1999,2891,0,0,2891,0,2891,11,0,11,11
844,blz,Belize,2000,1248,32,0,1280,0,1280,12,14,26,26
845,blz,Belize,2001,1128,20,0,1148,0,1148,0,30,30,30
846,blz,Belize,2002,1048,8,0,1056,0,1056,0,33,33,33
847,blz,Belize,2003,861,5,0,866,0,866,9,28,37,37
848,blz,Belize,2004,732,26,0,758,0,758,6,23,29,29
849,blz,Belize,2005,624,14,0,638,0,638,5,24,29,29
850,blz,Belize,2006,488,0,0,488,0,488,13,14,27,27
851,blz,Belize,2007,358,0,0,358,0,358,13,10,23,23
852,blz,Belize,2008,277,10,0,287,0,287,18,17,35,35
853,blz,Belize,2009,230,25,0,255,0,255,16,16,32,32
854,blz,Belize,2010,134,31,0,165,0,165,21,10,31,31
855,blz,Belize,2011,78,56,0,134,0,134,29,14,43,43
856,blz,Belize,2012,27,75,0,102,0,102,35,5,40,40
857,blz,Belize,2013,21,62,0,83,0,83,37,53,90,90
858,blz,Belize,2014,10,114,0,124,0,124,42,83,125,125
859,blz,Belize,2015,34,716,0,750,0,750,48,96,144,144
860,blz,Belize,2016,0,2427,0,2427,0,2427,58,160,218,218
861,blz,Belize,2017,0,3120,0,3120,0,3120,64,206,270,270
862,blz,Belize,2018,29,3305,0,3334,0,3334,68,219,287,287
863,blz,Belize,2019,29,2144,0,2173,0,2173,73,278,351,351
864,blz,Belize,2020,29,2249,0,2278,0,2278,68,314,382,382
865,blz,Belize,2021,86,2015,0,2101,0,2101,81,369,450,450
866,blz,Belize,2022,145,1982,0,2127,0,2127,65,481,546,546
867,blz,Belize,2023,145,1982,0,2127,0,2127,65,645,710,710
868,ben,Benin,1969,1100,0,0,1100,0,1100,0,0,0,0
869,ben,Benin,1970,0,0,0,0,0,0,0,0,0,0
870,ben,Benin,1971,0,0,0,0,0,0,0,0,0,0
871,ben,Benin,1972,0,0,0,0,0,0,0,0,0,0
872,ben,Benin,1973,0,0,0,0,0,0,0,0,0,0
873,ben,Benin,1974,0,0,0,0,0,0,0,0,0,0
874,ben,Benin,1975,0,0,0,0,0,0,0,0,0,0
875,ben,Benin,1976,0,0,0,0,0,0,100,0,100,100
876,ben,Benin,1977,0,0,0,0,0,0,0,0,0,0
877,ben,Benin,1978,0,0,0,0,0,0,200,0,200,200
878,ben,Benin,1979,0,0,0,0,0,0,200,0,200,200
879,ben,Benin,1980,0,0,0,0,0,0,0,0,0,0
880,ben,Benin,1981,0,0,0,0,0,0,0,0,0,0
881,ben,Benin,1982,0,0,0,0,0,0,0,0,0,0
882,ben,Benin,1983,50,0,0,50,0,50,0,0,0,0
883,ben,Benin,1984,800,0,0,800,0,800,0,0,0,0
884,ben,Benin,1985,3700,0,0,3700,0,3700,0,0,0,0
885,ben,Benin,1986,3740,0,0,3740,0,3740,50,0,50,50
886,ben,Benin,1987,3050,0,0,3050,0,3050,50,0,50,50
887,ben,Benin,1988,1176,0,0,1176,0,1176,50,0,50,50
888,ben,Benin,1989,858,0,0,858,0,858,60,0,60,60
889,ben,Benin,1990,456,0,0,456,0,456,0,0,0,0
890,ben,Benin,1991,456,0,0,456,0,456,0,0,0,0
891,ben,Benin,1992,293,0,0,293,0,293,0,0,0,0
892,ben,Benin,1993,156239,0,0,156239,0,156239,62,0,62,62
893,ben,Benin,1994,70403,0,0,70403,0,70403,72,0,72,72
894,ben,Benin,1995,23843,0,0,23843,0,23843,50,0,50,50
895,ben,Benin,1996,5961,0,0,5961,0,5961,42,0,42,42
896,ben,Benin,1997,2914,0,0,2914,0,2914,41,0,41,41
897,ben,Benin,1998,2898,0,0,2898,0,2898,45,0,45,45
898,ben,Benin,1999,3652,0,0,3652,0,3652,44,0,44,44
899,ben,Benin,2000,4290,58,0,4348,0,4348,47,148,195,195
900,ben,Benin,2001,4794,208,0,5002,0,5002,52,182,234,234
901,ben,Benin,2002,5014,311,0,5325,0,5325,228,226,454,454
902,ben,Benin,2003,5032,804,0,5836,0,5836,274,247,521,521
903,ben,Benin,2004,4800,1040,0,5840,0,5840,299,211,510,510
904,ben,Benin,2005,30288,1682,0,31970,0,31970,402,272,674,674
905,ben,Benin,2006,10785,1338,0,12123,0,12123,207,154,361,361
906,ben,Benin,2007,7611,527,0,8138,0,8138,265,155,420,420
907,ben,Benin,2008,6927,197,0,7124,0,7124,315,179,494,494
908,ben,Benin,2009,7204,122,0,7326,0,7326,409,199,608,608
909,ben,Benin,2010,7136,93,0,7229,0,7229,438,225,663,663
910,ben,Benin,2011,7213,354,0,7567,0,7567,460,269,729,729
911,ben,Benin,2012,4960,133,0,5093,0,5093,451,428,879,879
912,ben,Benin,2013,190,106,0,296,0,296,294,501,795,795
913,ben,Benin,2014,414,68,0,482,0,482,330,684,1014,1014
914,ben,Benin,2015,526,176,0,702,0,702,400,1141,1541,1541
915,ben,Benin,2016,804,224,0,1028,0,1028,479,1145,1624,1624
916,ben,Benin,2017,1056,262,0,1318,0,1318,572,1131,1703,1703
917,ben,Benin,2018,1167,308,0,1475,0,1475,659,1078,1737,1737
918,ben,Benin,2019,1238,373,0,1611,0,1611,721,1214,1935,1935
919,ben,Benin,2020,1396,464,0,1860,0,1860,606,1350,1956,1956
920,ben,Benin,2021,1736,506,0,2242,0,2242,730,1382,2112,2112
921,ben,Benin,2022,1779,1460,0,3239,0,3239,811,1407,2218,2218
922,ben,Benin,2023,2675,6588,0,9263,0,9263,862,1499,2361,2361
923,btn,Bhutan,1966,3000,0,0,3000,0,3000,0,0,0,0
924,btn,Bhutan,1967,0,0,0,0,0,0,0,0,0,0
925,btn,Bhutan,1968,0,0,0,0,0,0,0,0,0,0
926,btn,Bhutan,1969,0,0,0,0,0,0,0,0,0,0
927,btn,Bhutan,1970,0,0,0,0,0,0,0,0,0,0
928,btn,Bhutan,1971,0,0,0,0,0,0,0,0,0,0
929,btn,Bhutan,1972,0,0,0,0,0,0,0,0,0,0
930,btn,Bhutan,1973,0,0,0,0,0,0,0,0,0,0
931,btn,Bhutan,1974,0,0,0,0,0,0,0,0,0,0
932,btn,Bhutan,1975,0,0,0,0,0,0,0,0,0,0
933,btn,Bhutan,1976,0,0,0,0,0,0,0,0,0,0
934,btn,Bhutan,1977,0,0,0,0,0,0,0,0,0,0
935,btn,Bhutan,1978,0,0,0,0,0,0,0,0,0,0
936,btn,Bhutan,1979,0,0,0,0,0,0,0,0,0,0
937,btn,Bhutan,1980,0,0,0,0,0,0,0,0,0,0
938,btn,Bhutan,1981,0,0,0,0,0,0,0,0,0,0
939,btn,Bhutan,1982,0,0,0,0,0,0,0,0,0,0
940,btn,Bhutan,1983,0,0,0,0,0,0,0,0,0,0
941,btn,Bhutan,1984,0,0,0,0,0,0,0,0,0,0
942,btn,Bhutan,1985,0,0,0,0,0,0,0,0,0,0
943,btn,Bhutan,1986,0,0,0,0,0,0,0,0,0,0
944,btn,Bhutan,1987,0,0,0,0,0,0,0,0,0,0
945,btn,Bhutan,1988,0,0,0,0,0,0,0,0,0,0
946,btn,Bhutan,1989,0,0,0,0,0,0,0,0,0,0
947,btn,Bhutan,1990,0,0,0,0,0,0,0,0,0,0
948,btn,Bhutan,1991,0,0,0,0,0,0,9504,0,9504,9504
949,btn,Bhutan,1992,0,0,0,0,0,0,75442,0,75442,75442
950,btn,Bhutan,1993,0,0,0,0,0,0,85334,0,85334,85334
951,btn,Bhutan,1994,0,0,0,0,0,0,103270,0,103270,103270
952,btn,Bhutan,1995,0,0,0,0,0,0,104746,0,104746,104746
953,btn,Bhutan,1996,0,0,0,0,0,0,106820,0,106820,106820
954,btn,Bhutan,1997,0,0,0,0,0,0,108702,0,108702,108702
955,btn,Bhutan,1998,0,0,0,0,0,0,105690,0,105690,105690
956,btn,Bhutan,1999,0,0,0,0,0,0,107619,0,107619,107619
957,btn,Bhutan,2000,0,0,0,0,0,0,108943,46,108989,108989
958,btn,Bhutan,2001,0,0,0,0,0,0,110844,65,110909,110909
959,btn,Bhutan,2002,0,0,0,0,0,0,112524,55,112579,112579
960,btn,Bhutan,2003,0,0,0,0,0,0,103977,242,104219,104219
961,btn,Bhutan,2004,0,0,0,0,0,0,105259,482,105741,105741
962,btn,Bhutan,2005,0,0,0,0,0,0,106539,1105,107644,107644
963,btn,Bhutan,2006,0,0,0,0,0,0,108069,1453,109522,109522
964,btn,Bhutan,2007,0,0,0,0,0,0,110593,1637,112230,112230
965,btn,Bhutan,2008,0,0,0,0,0,0,104960,1094,106054,106054
966,btn,Bhutan,2009,0,0,0,0,0,0,89064,1013,90077,90077
967,btn,Bhutan,2010,0,0,0,0,0,0,75062,1009,76071,76071
968,btn,Bhutan,2011,0,0,0,0,0,0,57980,1014,58994,58994
969,btn,Bhutan,2012,0,0,0,0,0,0,41582,99,41681,41681
970,btn,Bhutan,2013,0,0,0,0,0,0,31556,157,31713,31713
971,btn,Bhutan,2014,0,0,0,0,0,0,23633,190,23823,23823
972,btn,Bhutan,2015,0,0,0,0,0,0,17709,223,17932,17932
973,btn,Bhutan,2016,0,0,0,0,0,0,11757,277,12034,12034
974,btn,Bhutan,2017,0,0,0,0,0,0,7954,400,8354,8354
975,btn,Bhutan,2018,0,0,0,0,0,0,7100,390,7490,7490
976,btn,Bhutan,2019,0,0,0,0,0,0,6839,413,7252,7252
977,btn,Bhutan,2020,0,0,0,0,0,0,6741,411,7152,7152
978,btn,Bhutan,2021,0,0,0,0,0,0,6702,487,7189,7189
979,btn,Bhutan,2022,0,0,0,0,0,0,6688,465,7153,7153
980,btn,Bhutan,2023,0,0,0,0,0,0,6682,447,7129,7129
981,bol,Bolivia,1970,0,0,0,0,0,0,1400,0,1400,1400
982,bol,Bolivia,1971,0,0,0,0,0,0,2930,0,2930,2930
983,bol,Bolivia,1972,700,0,0,700,0,700,1730,0,1730,1730
984,bol,Bolivia,1973,700,0,0,700,0,700,0,0,0,0
985,bol,Bolivia,1974,700,0,0,700,0,700,1650,0,1650,1650
986,bol,Bolivia,1975,0,0,0,0,0,0,90,0,90,90
987,bol,Bolivia,1976,0,0,0,0,0,0,60,0,60,60
988,bol,Bolivia,1977,0,0,0,0,0,0,0,0,0,0
989,bol,Bolivia,1978,500,0,0,500,0,500,0,0,0,0
990,bol,Bolivia,1979,500,0,0,500,0,500,0,0,0,0
991,bol,Bolivia,1980,500,0,0,500,0,500,170,0,170,170
992,bol,Bolivia,1981,500,0,0,500,0,500,100,0,100,100
993,bol,Bolivia,1982,0,0,0,0,0,0,270,0,270,270
994,bol,Bolivia,1983,0,0,0,0,0,0,0,0,0,0
995,bol,Bolivia,1984,0,0,0,0,0,0,0,0,0,0
996,bol,Bolivia,1985,170,0,0,170,0,170,0,0,0,0
997,bol,Bolivia,1986,120,0,0,120,0,120,0,0,0,0
998,bol,Bolivia,1987,170,0,0,170,0,170,0,0,0,0
999,bol,Bolivia,1988,220,0,0,220,0,220,0,0,0,0
1000,bol,Bolivia,1989,270,0,0,270,0,270,26,0,26,26
1001,bol,Bolivia,1990,200,0,0,200,0,200,729,0,729,729
1002,bol,Bolivia,1991,341,0,0,341,0,341,67,0,67,67
1003,bol,Bolivia,1992,491,0,0,491,0,491,28,0,28,28
1004,bol,Bolivia,1993,669,0,0,669,0,669,40,0,40,40
1005,bol,Bolivia,1994,734,0,0,734,0,734,177,0,177,177
1006,bol,Bolivia,1995,680,0,0,680,0,680,180,0,180,180
1007,bol,Bolivia,1996,697,0,0,697,0,697,177,0,177,177
1008,bol,Bolivia,1997,331,0,0,331,0,331,163,0,163,163
1009,bol,Bolivia,1998,345,0,0,345,0,345,187,0,187,187
1010,bol,Bolivia,1999,349,0,0,349,0,349,176,0,176,176
1011,bol,Bolivia,2000,352,0,0,352,0,352,177,121,298,298
1012,bol,Bolivia,2001,348,5,0,353,0,353,157,160,317,317
1013,bol,Bolivia,2002,352,20,0,372,0,372,215,492,707,707
1014,bol,Bolivia,2003,525,0,0,525,0,525,260,485,745,745
1015,bol,Bolivia,2004,524,18,0,542,0,542,280,380,660,660
1016,bol,Bolivia,2005,532,0,0,532,0,532,263,352,615,615
1017,bol,Bolivia,2006,562,16,0,578,0,578,371,424,795,795
1018,bol,Bolivia,2007,619,156,0,775,0,775,423,421,844,844
1019,bol,Bolivia,2008,649,84,0,733,0,733,455,153,608,608
1020,bol,Bolivia,2009,664,33,0,697,0,697,570,162,732,732
1021,bol,Bolivia,2010,680,43,0,723,0,723,589,134,723,723
1022,bol,Bolivia,2011,701,17,0,718,0,718,615,152,767,767
1023,bol,Bolivia,2012,717,8,0,725,0,725,616,162,778,778
1024,bol,Bolivia,2013,734,5,0,739,0,739,594,201,795,795
1025,bol,Bolivia,2014,751,16,0,767,0,767,594,262,856,856
1026,bol,Bolivia,2015,762,0,0,762,0,762,566,342,908,908
1027,bol,Bolivia,2016,776,0,0,776,0,776,530,411,941,941
1028,bol,Bolivia,2017,802,34,0,836,0,836,520,865,1385,1385
1029,bol,Bolivia,2018,802,34,0,836,0,836,502,1004,1506,1506
1030,bol,Bolivia,2019,863,242,5472,6577,0,6577,514,1238,1752,1752
1031,bol,Bolivia,2020,1116,157,9557,10830,0,10830,535,1370,1905,1905
1032,bol,Bolivia,2021,1116,27,11805,12948,0,12948,549,1830,2379,2379
1033,bol,Bolivia,2022,1116,61,13531,14708,0,14708,578,2324,2902,2902
1034,bol,Bolivia,2023,1116,61,15428,16605,0,16605,564,3048,3612,3612
1035,bih,Bosnia and Herzegovina,1992,0,0,0,0,0,0,437501,0,437501,437501
1036,bih,Bosnia and Herzegovina,1993,0,0,0,0,1290000,1290000,618428,0,618428,1908428
1037,bih,Bosnia and Herzegovina,1994,0,0,0,0,1282600,1282600,776090,0,776090,2058690
1038,bih,Bosnia and Herzegovina,1995,0,0,0,0,1097800,1097800,769753,0,769753,1867553
1039,bih,Bosnia and Herzegovina,1996,0,0,0,0,760146,760146,993868,0,993868,1754014
1040,bih,Bosnia and Herzegovina,1997,40000,0,0,40000,816000,856000,849240,0,849240,1665240
1041,bih,Bosnia and Herzegovina,1998,40000,0,0,40000,836430,876430,640077,0,640077,1476507
1042,bih,Bosnia and Herzegovina,1999,65645,0,0,65645,809545,875190,598193,0,598193,1407738
1043,bih,Bosnia and Herzegovina,2000,38150,73,0,38223,518252,556475,504980,4305,509285,1027537
1044,bih,Bosnia and Herzegovina,2001,32744,382,0,33126,438253,471379,447326,4182,451508,889761
1045,bih,Bosnia and Herzegovina,2002,28020,453,0,28473,367491,395964,406456,5928,412384,779875
1046,bih,Bosnia and Herzegovina,2003,22515,695,0,23210,327188,350398,300012,2192,302204,629392
1047,bih,Bosnia and Herzegovina,2004,22209,456,0,22665,309240,331905,228813,1184,229997,539237
1048,bih,Bosnia and Herzegovina,2005,10566,210,0,10776,182747,193523,109931,1816,111747,294494
1049,bih,Bosnia and Herzegovina,2006,10315,91,0,10406,135500,145906,199948,1685,201633,337133
1050,bih,Bosnia and Herzegovina,2007,7364,616,0,7980,130984,138964,78267,1109,79376,210360
1051,bih,Bosnia and Herzegovina,2008,7254,471,0,7725,124529,132254,74358,1162,75520,200049
1052,bih,Bosnia and Herzegovina,2009,7130,350,0,7480,113642,121122,70006,1147,71153,184795
1053,bih,Bosnia and Herzegovina,2010,7014,149,0,7163,113365,120528,62996,1342,64338,177703
1054,bih,Bosnia and Herzegovina,2011,6932,32,0,6964,113000,119964,58572,1949,60521,173521
1055,bih,Bosnia and Herzegovina,2012,6904,31,0,6935,103449,110384,51815,2791,54606,158055
1056,bih,Bosnia and Herzegovina,2013,6924,34,0,6958,84500,91458,26787,4140,30927,115427
1057,bih,Bosnia and Herzegovina,2014,6883,7,0,6890,84500,91390,21883,6566,28449,112949
1058,bih,Bosnia and Herzegovina,2015,6789,20,0,6809,98324,105133,18763,7015,25778,124102
1059,bih,Bosnia and Herzegovina,2016,5266,51,0,5317,98324,103641,18194,3108,21302,119626
1060,bih,Bosnia and Herzegovina,2017,5224,223,0,5447,98574,104021,17690,1886,19576,118150
1061,bih,Bosnia and Herzegovina,2018,5227,1003,0,6230,96830,103060,16956,1619,18575,115405
1062,bih,Bosnia and Herzegovina,2019,5241,725,0,5966,96421,102387,16556,1487,18043,114464
1063,bih,Bosnia and Herzegovina,2020,5232,256,0,5488,96305,101793,15578,1358,16936,113241
1064,bih,Bosnia and Herzegovina,2021,240,150,0,390,96305,96695,18189,1631,19820,116125
1065,bih,Bosnia and Herzegovina,2022,274,66,0,340,96305,96645,19466,1500,20966,117271
1066,bih,Bosnia and Herzegovina,2023,310,65,0,375,96305,96680,19326,1480,20806,117111
1067,bwa,Botswana,1968,3980,0,0,3980,0,3980,0,0,0,0
1068,bwa,Botswana,1969,3600,0,0,3600,0,3600,0,0,0,0
1069,bwa,Botswana,1970,4360,0,0,4360,0,4360,0,0,0,0
1070,bwa,Botswana,1971,8890,0,0,8890,0,8890,0,0,0,0
1071,bwa,Botswana,1972,4500,0,0,4500,0,4500,0,0,0,0
1072,bwa,Botswana,1973,4500,0,0,4500,0,4500,0,0,0,0
1073,bwa,Botswana,1974,2480,0,0,2480,0,2480,0,0,0,0
1074,bwa,Botswana,1975,2400,0,0,2400,0,2400,0,0,0,0
1075,bwa,Botswana,1976,2840,0,0,2840,0,2840,0,0,0,0
1076,bwa,Botswana,1977,4810,0,0,4810,0,4810,0,0,0,0
1077,bwa,Botswana,1978,19000,0,0,19000,0,19000,0,0,0,0
1078,bwa,Botswana,1979,23290,0,0,23290,0,23290,0,0,0,0
1079,bwa,Botswana,1980,1300,0,0,1300,0,1300,0,0,0,0
1080,bwa,Botswana,1981,1290,0,0,1290,0,1290,0,0,0,0
1081,bwa,Botswana,1982,1300,0,0,1300,0,1300,0,0,0,0
1082,bwa,Botswana,1983,4600,0,0,4600,0,4600,0,0,0,0
1083,bwa,Botswana,1984,4970,0,0,4970,0,4970,0,0,0,0
1084,bwa,Botswana,1985,5680,0,0,5680,0,5680,0,0,0,0
1085,bwa,Botswana,1986,4830,0,0,4830,0,4830,0,0,0,0
1086,bwa,Botswana,1987,5300,0,0,5300,0,5300,0,0,0,0
1087,bwa,Botswana,1988,2325,0,0,2325,0,2325,0,0,0,0
1088,bwa,Botswana,1989,1261,0,0,1261,0,1261,5,0,5,5
1089,bwa,Botswana,1990,1178,0,0,1178,0,1178,5,0,5,5
1090,bwa,Botswana,1991,1054,0,0,1054,0,1054,5,0,5,5
1091,bwa,Botswana,1992,497,0,0,497,0,497,5,0,5,5
1092,bwa,Botswana,1993,517,0,0,517,0,517,5,0,5,5
1093,bwa,Botswana,1994,503,0,0,503,0,503,22,0,22,22
1094,bwa,Botswana,1995,266,0,0,266,0,266,27,0,27,27
1095,bwa,Botswana,1996,211,0,0,211,0,211,22,0,22,22
1096,bwa,Botswana,1997,280,0,0,280,0,280,16,0,16,16
1097,bwa,Botswana,1998,2133,0,0,2133,0,2133,16,0,16,16
1098,bwa,Botswana,1999,1291,0,0,1291,0,1291,10,0,10,10
1099,bwa,Botswana,2000,3549,65,0,3614,0,3614,5,0,5,5
1100,bwa,Botswana,2001,3577,716,0,4293,0,4293,0,5,5,5
1101,bwa,Botswana,2002,2798,974,0,3772,0,3772,5,10,15,15
1102,bwa,Botswana,2003,2831,1075,0,3906,0,3906,5,16,21,21
1103,bwa,Botswana,2004,2831,1030,0,3861,0,3861,5,7,12,12
1104,bwa,Botswana,2005,3101,52,0,3153,0,3153,0,8,8,8
1105,bwa,Botswana,2006,3154,0,0,3154,0,3154,10,27,37,37
1106,bwa,Botswana,2007,2462,5,0,2467,0,2467,16,53,69,69
1107,bwa,Botswana,2008,3020,181,0,3201,0,3201,29,148,177,177
1108,bwa,Botswana,2009,3023,202,0,3225,0,3225,32,195,227,227
1109,bwa,Botswana,2010,2983,251,0,3234,0,3234,56,185,241,241
1110,bwa,Botswana,2011,3312,244,0,3556,0,3556,88,168,256,256
1111,bwa,Botswana,2012,2784,212,0,2996,0,2996,125,126,251,251
1112,bwa,Botswana,2013,2771,173,0,2944,0,2944,165,101,266,266
1113,bwa,Botswana,2014,2642,195,0,2837,0,2837,234,69,303,303
1114,bwa,Botswana,2015,2127,133,0,2260,0,2260,306,73,379,379
1115,bwa,Botswana,2016,2090,78,0,2168,0,2168,265,127,392,392
1116,bwa,Botswana,2017,2116,65,0,2181,0,2181,279,95,374,374
1117,bwa,Botswana,2018,2044,268,0,2312,0,2312,289,89,378,378
1118,bwa,Botswana,2019,1113,150,0,1263,0,1263,228,139,367,367
1119,bwa,Botswana,2020,617,422,0,1039,0,1039,191,134,325,325
1120,bwa,Botswana,2021,688,58,0,746,0,746,122,213,335,335
1121,bwa,Botswana,2022,733,97,0,830,0,830,81,686,767,767
1122,bwa,Botswana,2023,754,97,0,851,0,851,102,979,1081,1081
1123,bra,Brazil,1969,40000,0,0,40000,0,40000,0,0,0,0
1124,bra,Brazil,1970,40000,0,0,40000,0,40000,0,0,0,0
1125,bra,Brazil,1971,38000,0,0,38000,0,38000,2000,0,2000,2000
1126,bra,Brazil,1972,37000,0,0,37000,0,37000,2000,0,2000,2000
1127,bra,Brazil,1973,35200,0,0,35200,0,35200,0,0,0,0
1128,bra,Brazil,1974,34000,0,0,34000,0,34000,0,0,0,0
1129,bra,Brazil,1975,32000,0,0,32000,0,32000,0,0,0,0
1130,bra,Brazil,1976,30000,0,0,30000,0,30000,0,0,0,0
1131,bra,Brazil,1977,36000,0,0,36000,0,36000,0,0,0,0
1132,bra,Brazil,1978,35000,0,0,35000,0,35000,0,0,0,0
1133,bra,Brazil,1979,25000,0,0,25000,0,25000,0,0,0,0
1134,bra,Brazil,1980,24000,0,0,24000,0,24000,5,0,5,5
1135,bra,Brazil,1981,24000,0,0,24000,0,24000,5,0,5,5
1136,bra,Brazil,1982,5400,0,0,5400,0,5400,5,0,5,5
1137,bra,Brazil,1983,5400,0,0,5400,0,5400,5,0,5,5
1138,bra,Brazil,1984,5300,0,0,5300,0,5300,5,0,5,5
1139,bra,Brazil,1985,5300,0,0,5300,0,5300,5,0,5,5
1140,bra,Brazil,1986,5300,0,0,5300,0,5300,5,0,5,5
1141,bra,Brazil,1987,5280,0,0,5280,0,5280,0,0,0,0
1142,bra,Brazil,1988,5332,0,0,5332,0,5332,0,0,0,0
1143,bra,Brazil,1989,5331,0,0,5331,0,5331,6,0,6,6
1144,bra,Brazil,1990,5335,0,0,5335,0,5335,15,0,15,15
1145,bra,Brazil,1991,5389,0,0,5389,0,5389,11,0,11,11
1146,bra,Brazil,1992,5439,0,0,5439,0,5439,11,0,11,11
1147,bra,Brazil,1993,6198,0,0,6198,0,6198,9,0,9,9
1148,bra,Brazil,1994,2223,0,0,2223,0,2223,41,0,41,41
1149,bra,Brazil,1995,2050,0,0,2050,0,2050,52,0,52,52
1150,bra,Brazil,1996,2212,0,0,2212,0,2212,84,0,84,84
1151,bra,Brazil,1997,2260,0,0,2260,0,2260,103,0,103,103
1152,bra,Brazil,1998,2345,0,0,2345,0,2345,134,0,134,134
1153,bra,Brazil,1999,2374,0,0,2374,0,2374,194,0,194,194
1154,bra,Brazil,2000,2718,528,0,3246,0,3246,220,649,869,869
1155,bra,Brazil,2001,2877,642,0,3519,0,3519,251,794,1045,1045
1156,bra,Brazil,2002,3176,549,0,3725,0,3725,438,1149,1587,1587
1157,bra,Brazil,2003,3190,551,0,3741,0,3741,377,1266,1643,1643
1158,bra,Brazil,2004,3333,424,0,3757,0,3757,401,1011,1412,1412
1159,bra,Brazil,2005,3446,176,0,3622,0,3622,370,590,960,960
1160,bra,Brazil,2006,3478,374,0,3852,0,3852,703,429,1132,1132
1161,bra,Brazil,2007,20764,404,0,21168,0,21168,1623,298,1921,1921
1162,bra,Brazil,2008,3831,496,0,4327,0,4327,1401,356,1757,1757
1163,bra,Brazil,2009,4218,162,0,4380,0,4380,973,361,1334,1334
1164,bra,Brazil,2010,4346,852,0,5198,0,5198,991,241,1232,1232
1165,bra,Brazil,2011,4466,4644,0,9110,0,9110,1040,197,1237,1237
1166,bra,Brazil,2012,4681,1425,0,6106,0,6106,1073,242,1315,1315
1167,bra,Brazil,2013,5185,4626,0,9811,0,9811,982,551,1533,1533
1168,bra,Brazil,2014,7478,11200,0,18678,0,18678,977,1190,2167,2167
1169,bra,Brazil,2015,8703,20798,0,29501,0,29501,893,2151,3044,3044
1170,bra,Brazil,2016,9674,35451,0,45125,0,45125,803,3760,4563,4563
1171,bra,Brazil,2017,10260,85739,0,95999,0,95999,851,6786,7637,7637
1172,bra,Brazil,2018,11304,152670,39771,203745,0,203745,1038,8570,9608,9608
1173,bra,Brazil,2019,32844,207294,123507,363645,0,363645,1399,12034,13433,13433
1174,bra,Brazil,2020,59092,202661,163754,425507,0,425507,1548,16857,18405,18405
1175,bra,Brazil,2021,61956,199233,175992,437181,0,437181,1954,26440,28394,28394
1176,bra,Brazil,2022,67522,206764,264040,538326,0,538326,2740,49183,51923,51923
1177,bra,Brazil,2023,193976,89519,310148,593643,0,593643,3248,62128,65376,65376
1178,brn,Brunei,1995,0,0,0,0,0,0,5,0,5,5
1179,brn,Brunei,1996,0,0,0,0,0,0,0,0,0,0
1180,brn,Brunei,1997,0,0,0,0,0,0,0,0,0,0
1181,brn,Brunei,1998,0,0,0,0,0,0,0,0,0,0
1182,brn,Brunei,1999,0,0,0,0,0,0,0,0,0,0
1183,brn,Brunei,2000,0,0,0,0,0,0,0,0,0,0
1184,brn,Brunei,2001,0,0,0,0,0,0,0,0,0,0
1185,brn,Brunei,2002,0,0,0,0,0,0,0,0,0,0
1186,brn,Brunei,2003,0,0,0,0,0,0,0,0,0,0
1187,brn,Brunei,2004,0,0,0,0,0,0,0,0,0,0
1188,brn,Brunei,2005,0,0,0,0,0,0,47,0,47,47
1189,brn,Brunei,2006,0,0,0,0,0,0,0,0,0,0
1190,brn,Brunei,2007,0,0,0,0,0,0,0,0,0,0
1191,brn,Brunei,2008,0,0,0,0,0,0,0,0,0,0
1192,brn,Brunei,2009,0,0,0,0,0,0,0,0,0,0
1193,brn,Brunei,2010,0,0,0,0,0,0,0,0,0,0
1194,brn,Brunei,2011,0,0,0,0,0,0,0,0,0,0
1195,brn,Brunei,2012,0,0,0,0,0,0,0,0,0,0
1196,brn,Brunei,2013,0,0,0,0,0,0,0,0,0,0
1197,brn,Brunei,2014,0,0,0,0,0,0,0,0,0,0
1198,brn,Brunei,2015,0,0,0,0,0,0,0,5,5,5
1199,brn,Brunei,2016,0,0,0,0,0,0,0,5,5,5
1200,brn,Brunei,2017,0,0,0,0,0,0,0,9,9,9
1201,brn,Brunei,2018,0,0,0,0,0,0,0,0,0,0
1202,brn,Brunei,2019,0,0,0,0,0,0,0,10,10,10
1203,brn,Brunei,2020,0,0,0,0,0,0,0,10,10,10
1204,brn,Brunei,2021,0,0,0,0,0,0,0,5,5,5
1205,brn,Brunei,2022,0,0,0,0,0,0,0,14,14,14
1206,brn,Brunei,2023,0,0,0,0,0,0,0,14,14,14
1207,bgr,Bulgaria,1969,0,0,0,0,0,0,90,0,90,90
1208,bgr,Bulgaria,1970,0,0,0,0,0,0,320,0,320,320
1209,bgr,Bulgaria,1971,0,0,0,0,0,0,340,0,340,340
1210,bgr,Bulgaria,1972,0,0,0,0,0,0,340,0,340,340
1211,bgr,Bulgaria,1973,0,0,0,0,0,0,340,0,340,340
1212,bgr,Bulgaria,1974,0,0,0,0,0,0,300,0,300,300
1213,bgr,Bulgaria,1975,0,0,0,0,0,0,300,0,300,300
1214,bgr,Bulgaria,1976,0,0,0,0,0,0,0,0,0,0
1215,bgr,Bulgaria,1977,0,0,0,0,0,0,0,0,0,0
1216,bgr,Bulgaria,1978,0,0,0,0,0,0,290,0,290,290
1217,bgr,Bulgaria,1979,0,0,0,0,0,0,0,0,0,0
1218,bgr,Bulgaria,1980,0,0,0,0,0,0,329,0,329,329
1219,bgr,Bulgaria,1981,0,0,0,0,0,0,274,0,274,274
1220,bgr,Bulgaria,1982,0,0,0,0,0,0,257,0,257,257
1221,bgr,Bulgaria,1983,0,0,0,0,0,0,227,0,227,227
1222,bgr,Bulgaria,1984,0,0,0,0,0,0,183,0,183,183
1223,bgr,Bulgaria,1985,0,0,0,0,0,0,190,0,190,190
1224,bgr,Bulgaria,1986,0,0,0,0,0,0,160,0,160,160
1225,bgr,Bulgaria,1987,0,0,0,0,0,0,138,0,138,138
1226,bgr,Bulgaria,1988,0,0,0,0,0,0,898,0,898,898
1227,bgr,Bulgaria,1989,0,0,0,0,0,0,869,0,869,869
1228,bgr,Bulgaria,1990,0,0,0,0,0,0,1922,0,1922,1922
1229,bgr,Bulgaria,1991,0,0,0,0,0,0,2733,0,2733,2733
1230,bgr,Bulgaria,1992,218,0,0,218,0,218,2980,0,2980,2980
1231,bgr,Bulgaria,1993,443,0,0,443,0,443,3157,0,3157,3157
1232,bgr,Bulgaria,1994,1054,0,0,1054,0,1054,4692,0,4692,4692
1233,bgr,Bulgaria,1995,1318,0,0,1318,0,1318,4157,0,4157,4157
1234,bgr,Bulgaria,1996,1431,0,0,1431,0,1431,3246,0,3246,3246
1235,bgr,Bulgaria,1997,382,0,0,382,0,382,3049,0,3049,3049
1236,bgr,Bulgaria,1998,241,0,0,241,0,241,3121,0,3121,3121
1237,bgr,Bulgaria,1999,542,0,0,542,0,542,2652,0,2652,2652
1238,bgr,Bulgaria,2000,1470,1304,0,2774,0,2774,2404,1303,3707,3707
1239,bgr,Bulgaria,2001,2984,1534,0,4518,0,4518,2122,1507,3629,3629
1240,bgr,Bulgaria,2002,3642,1118,0,4760,0,4760,2843,1745,4588,4588
1241,bgr,Bulgaria,2003,4047,736,0,4783,0,4783,2565,1373,3938,3938
1242,bgr,Bulgaria,2004,4676,899,0,5575,0,5575,2227,1222,3449,3449
1243,bgr,Bulgaria,2005,4388,787,0,5175,0,5175,4250,1212,5462,5462
1244,bgr,Bulgaria,2006,4479,839,0,5318,0,5318,3431,821,4252,4252
1245,bgr,Bulgaria,2007,4808,1002,0,5810,0,5810,3306,407,3713,3713
1246,bgr,Bulgaria,2008,5108,1060,0,6168,0,6168,3036,295,3331,3331
1247,bgr,Bulgaria,2009,5375,1175,0,6550,0,6550,2743,434,3177,3177
1248,bgr,Bulgaria,2010,5519,1392,0,6911,0,6911,2558,124,2682,2682
1249,bgr,Bulgaria,2011,5676,1381,0,7057,0,7057,2322,183,2505,2505
1250,bgr,Bulgaria,2012,2273,1270,0,3543,0,3543,2143,136,2279,2279
1251,bgr,Bulgaria,2013,4305,4539,0,8844,0,8844,1875,177,2052,2052
1252,bgr,Bulgaria,2014,11026,6735,0,17761,0,17761,1644,187,1831,1831
1253,bgr,Bulgaria,2015,16543,9488,0,26031,0,26031,1264,207,1471,1471
1254,bgr,Bulgaria,2016,17794,16030,0,33824,0,33824,799,258,1057,1057
1255,bgr,Bulgaria,2017,19166,2712,0,21878,0,21878,716,316,1032,1032
1256,bgr,Bulgaria,2018,19906,1560,0,21466,0,21466,620,367,987,987
1257,bgr,Bulgaria,2019,20438,1054,0,21492,0,21492,566,344,910,910
1258,bgr,Bulgaria,2020,21113,1938,0,23051,0,23051,510,350,860,860
1259,bgr,Bulgaria,2021,22830,7547,0,30377,0,30377,455,340,795,795
1260,bgr,Bulgaria,2022,176297,11165,0,187462,0,187462,790,356,1146,1146
1261,bgr,Bulgaria,2023,189577,9595,0,199172,0,199172,395,411,806,806
1262,bfa,Burkina Faso,1983,70,0,0,70,0,70,0,0,0,0
1263,bfa,Burkina Faso,1984,100,0,0,100,0,100,50,0,50,50
1264,bfa,Burkina Faso,1985,90,0,0,90,0,90,90,0,90,90
1265,bfa,Burkina Faso,1986,220,0,0,220,0,220,110,0,110,110
1266,bfa,Burkina Faso,1987,270,0,0,270,0,270,50,0,50,50
1267,bfa,Burkina Faso,1988,260,0,0,260,0,260,0,0,0,0
1268,bfa,Burkina Faso,1989,360,0,0,360,0,360,0,0,0,0
1269,bfa,Burkina Faso,1990,350,0,0,350,0,350,0,0,0,0
1270,bfa,Burkina Faso,1991,320,0,0,320,0,320,6,0,6,6
1271,bfa,Burkina Faso,1992,5670,0,0,5670,0,5670,61,0,61,61
1272,bfa,Burkina Faso,1993,6597,0,0,6597,0,6597,61,0,61,61
1273,bfa,Burkina Faso,1994,49990,0,0,49990,0,49990,69,0,69,69
1274,bfa,Burkina Faso,1995,29777,0,0,29777,0,29777,60,0,60,60
1275,bfa,Burkina Faso,1996,28381,0,0,28381,0,28381,64,0,64,64
1276,bfa,Burkina Faso,1997,1799,0,0,1799,0,1799,112,0,112,112
1277,bfa,Burkina Faso,1998,562,0,0,562,0,562,100,0,100,100
1278,bfa,Burkina Faso,1999,672,0,0,672,0,672,101,0,101,101
1279,bfa,Burkina Faso,2000,692,309,0,1001,0,1001,124,242,366,366
1280,bfa,Burkina Faso,2001,457,250,0,707,0,707,90,242,332,332
1281,bfa,Burkina Faso,2002,457,371,0,828,0,828,970,180,1150,1150
1282,bfa,Burkina Faso,2003,466,491,0,957,0,957,852,150,1002,1002
1283,bfa,Burkina Faso,2004,494,515,0,1009,0,1009,575,112,687,687
1284,bfa,Burkina Faso,2005,513,774,0,1287,0,1287,602,199,801,801
1285,bfa,Burkina Faso,2006,512,760,0,1272,0,1272,373,193,566,566
1286,bfa,Burkina Faso,2007,535,601,0,1136,0,1136,557,254,811,811
1287,bfa,Burkina Faso,2008,556,608,0,1164,0,1164,719,310,1029,1029
1288,bfa,Burkina Faso,2009,543,512,0,1055,0,1055,983,377,1360,1360
1289,bfa,Burkina Faso,2010,530,531,0,1061,0,1061,1141,499,1640,1640
1290,bfa,Burkina Faso,2011,549,667,0,1216,0,1216,1262,337,1599,1599
1291,bfa,Burkina Faso,2012,39304,684,0,39988,0,39988,1458,504,1962,1962
1292,bfa,Burkina Faso,2013,29233,786,0,30019,0,30019,1578,937,2515,2515
1293,bfa,Burkina Faso,2014,31894,201,0,32095,0,32095,1853,1566,3419,3419
1294,bfa,Burkina Faso,2015,34017,141,0,34158,0,34158,2147,2691,4838,4838
1295,bfa,Burkina Faso,2016,32551,126,0,32677,0,32677,2352,4195,6547,6547
1296,bfa,Burkina Faso,2017,24152,43,0,24195,2350,26545,2694,5557,8251,10601
1297,bfa,Burkina Faso,2018,25120,40,0,25160,47030,72190,11447,4949,16396,63426
1298,bfa,Burkina Faso,2019,25869,29,0,25898,560033,585931,11733,4996,16729,576762
1299,bfa,Burkina Faso,2020,20252,30,0,20282,1074993,1095275,15694,5110,20804,1095797
1300,bfa,Burkina Faso,2021,25010,9413,0,34423,1579976,1614399,20209,5585,25794,1605770
1301,bfa,Burkina Faso,2022,34375,551,0,34926,1882391,1917317,29914,35535,65449,1947840
1302,bfa,Burkina Faso,2023,36226,558,0,36784,2062534,2099318,43124,71515,114639,2177173
1303,bdi,Burundi,1961,30000,0,0,30000,0,30000,0,0,0,0
1304,bdi,Burundi,1962,30000,0,0,30000,0,30000,0,0,0,0
1305,bdi,Burundi,1963,34000,0,0,34000,0,34000,0,0,0,0
1306,bdi,Burundi,1964,78000,0,0,78000,0,78000,0,0,0,0
1307,bdi,Burundi,1965,65000,0,0,65000,0,65000,3000,0,3000,3000
1308,bdi,Burundi,1966,79000,0,0,79000,0,79000,250,0,250,250
1309,bdi,Burundi,1967,79000,0,0,79000,0,79000,0,0,0,0
1310,bdi,Burundi,1968,72200,0,0,72200,0,72200,0,0,0,0
1311,bdi,Burundi,1969,46200,0,0,46200,0,46200,0,0,0,0
1312,bdi,Burundi,1970,38800,0,0,38800,0,38800,0,0,0,0
1313,bdi,Burundi,1971,32950,0,0,32950,0,32950,0,0,0,0
1314,bdi,Burundi,1972,43390,0,0,43390,0,43390,129000,0,129000,129000
1315,bdi,Burundi,1973,49000,0,0,49000,0,49000,131895,0,131895,131895
1316,bdi,Burundi,1974,48500,0,0,48500,0,48500,120880,0,120880,120880
1317,bdi,Burundi,1975,49500,0,0,49500,0,49500,141940,0,141940,141940
1318,bdi,Burundi,1976,49500,0,0,49500,0,49500,152320,0,152320,152320
1319,bdi,Burundi,1977,50000,0,0,50000,0,50000,153550,0,153550,153550
1320,bdi,Burundi,1978,50340,0,0,50340,0,50340,148180,0,148180,148180
1321,bdi,Burundi,1979,50490,0,0,50490,0,50490,151680,0,151680,151680
1322,bdi,Burundi,1980,234560,0,0,234560,0,234560,169770,0,169770,169770
1323,bdi,Burundi,1981,234590,0,0,234590,0,234590,182950,0,182950,182950
1324,bdi,Burundi,1982,253170,0,0,253170,0,253170,176270,0,176270,176270
1325,bdi,Burundi,1983,253820,0,0,253820,0,253820,176550,0,176550,176550
1326,bdi,Burundi,1984,273810,0,0,273810,0,273810,182910,0,182910,182910
1327,bdi,Burundi,1985,267440,0,0,267440,0,267440,199810,0,199810,199810
1328,bdi,Burundi,1986,267500,0,0,267500,0,267500,210620,0,210620,210620
1329,bdi,Burundi,1987,267500,0,0,267500,0,267500,186910,0,186910,186910
1330,bdi,Burundi,1988,267500,0,0,267500,0,267500,190153,0,190153,190153
1331,bdi,Burundi,1989,267455,0,0,267455,0,267455,191441,0,191441,191441
1332,bdi,Burundi,1990,268403,0,0,268403,0,268403,191619,0,191619,191619
1333,bdi,Burundi,1991,270136,0,0,270136,0,270136,223942,0,223942,223942
1334,bdi,Burundi,1992,271745,0,0,271745,0,271745,184129,0,184129,184129
1335,bdi,Burundi,1993,271883,0,0,271883,0,271883,871376,0,871376,871376
1336,bdi,Burundi,1994,300302,0,0,300302,89900,390202,389698,0,389698,479598
1337,bdi,Burundi,1995,173016,0,0,173016,216400,389416,350575,0,350575,566975
1338,bdi,Burundi,1996,20734,0,0,20734,882900,903634,428680,0,428680,1311580
1339,bdi,Burundi,1997,22027,0,0,22027,586083,608110,519116,0,519116,1105199
1340,bdi,Burundi,1998,25092,0,0,25092,100000,125092,502555,0,502555,602555
1341,bdi,Burundi,1999,22107,0,0,22107,50000,72107,527437,0,527437,577437
1342,bdi,Burundi,2000,27133,6014,0,33147,56000,89147,568070,3626,571696,627696
1343,bdi,Burundi,2001,27895,7990,0,35885,20000,55885,553987,3914,557901,577901
1344,bdi,Burundi,2002,40532,8770,0,49302,100000,149302,574552,7436,581988,681988
1345,bdi,Burundi,2003,40970,10565,0,51535,1970,53505,531626,8047,539673,541643
1346,bdi,Burundi,2004,48807,10705,0,59512,855,60367,485753,7852,493605,494460
1347,bdi,Burundi,2005,20679,19898,0,40577,11500,52077,438695,8260,446955,458455
1348,bdi,Burundi,2006,13174,7139,0,20313,13850,34163,396533,5519,402052,415902
1349,bdi,Burundi,2007,24482,7528,0,32010,0,32010,375720,7040,382760,382760
1350,bdi,Burundi,2008,21092,5269,0,26361,100000,126361,281583,6629,288212,388212
1351,bdi,Burundi,2009,24965,6337,0,31302,100000,131302,94221,4845,99066,199066
1352,bdi,Burundi,2010,29364,12059,0,41423,157167,198590,84053,7494,91547,248714
1353,bdi,Burundi,2011,35658,10054,0,45712,78796,124508,101282,9495,110777,189573
1354,bdi,Burundi,2012,41811,6129,0,47940,78948,126888,73354,12957,86311,165259
1355,bdi,Burundi,2013,45487,6046,0,51533,78948,130481,72636,14396,87032,165980
1356,bdi,Burundi,2014,52931,3046,0,55977,78948,134925,72477,19357,91834,170782
1357,bdi,Burundi,2015,53356,2930,0,56286,25000,81286,292750,26856,319606,344606
1358,bdi,Burundi,2016,57462,3608,0,61070,141221,202291,408066,24395,432461,573682
1359,bdi,Burundi,2017,62353,3551,0,65904,57258,123162,439320,60433,499753,557011
1360,bdi,Burundi,2018,71501,5658,0,77159,31909,109068,387850,53360,441210,473119
1361,bdi,Burundi,2019,78465,8995,0,87460,33256,120716,380900,53166,434066,467322
1362,bdi,Burundi,2020,75461,4914,0,80375,21863,102238,372951,50227,423178,445041
1363,bdi,Burundi,2021,81491,4297,0,85788,19176,104964,323635,52171,375806,394982
1364,bdi,Burundi,2022,84636,3950,0,88586,8495,97081,320702,56399,377101,385596
1365,bdi,Burundi,2023,84187,3013,0,87200,8177,95377,323487,63284,386771,394948
1366,khm,Cambodia,1964,10000,0,0,10000,0,10000,0,0,0,0
1367,khm,Cambodia,1965,15000,0,0,15000,0,15000,0,0,0,0
1368,khm,Cambodia,1966,17000,0,0,17000,0,17000,0,0,0,0
1369,khm,Cambodia,1967,20000,0,0,20000,0,20000,0,0,0,0
1370,khm,Cambodia,1968,22000,0,0,22000,0,22000,0,0,0,0
1371,khm,Cambodia,1969,22000,0,0,22000,0,22000,0,0,0,0
1372,khm,Cambodia,1970,20000,0,0,20000,0,20000,0,0,0,0
1373,khm,Cambodia,1971,0,0,0,0,0,0,57000,0,57000,57000
1374,khm,Cambodia,1972,0,0,0,0,0,0,55000,0,55000,55000
1375,khm,Cambodia,1973,0,0,0,0,0,0,35000,0,35000,35000
1376,khm,Cambodia,1974,0,0,0,0,0,0,0,0,0,0
1377,khm,Cambodia,1975,0,0,0,0,0,0,18830,0,18830,18830
1378,khm,Cambodia,1976,0,0,0,0,0,0,17200,0,17200,17200
1379,khm,Cambodia,1977,0,0,0,0,0,0,76710,0,76710,76710
1380,khm,Cambodia,1978,0,0,0,0,0,0,165120,0,165120,165120
1381,khm,Cambodia,1979,0,0,0,0,0,0,51100,0,51100,51100
1382,khm,Cambodia,1980,0,0,0,0,0,0,192843,0,192843,192843
1383,khm,Cambodia,1981,0,0,0,0,0,0,135077,0,135077,135077
1384,khm,Cambodia,1982,0,0,0,0,0,0,123398,0,123398,123398
1385,khm,Cambodia,1983,0,0,0,0,0,0,91115,0,91115,91115
1386,khm,Cambodia,1984,0,0,0,0,0,0,72468,0,72468,72468
1387,khm,Cambodia,1985,0,0,0,0,0,0,67518,0,67518,67518
1388,khm,Cambodia,1986,0,0,0,0,0,0,54848,0,54848,54848
1389,khm,Cambodia,1987,0,0,0,0,0,0,48589,0,48589,48589
1390,khm,Cambodia,1988,0,0,0,0,0,0,97758,0,97758,97758
1391,khm,Cambodia,1989,0,0,0,0,0,0,75725,0,75725,75725
1392,khm,Cambodia,1990,0,0,0,0,0,0,54364,0,54364,54364
1393,khm,Cambodia,1991,0,0,0,0,0,0,43166,0,43166,43166
1394,khm,Cambodia,1992,0,0,0,0,0,0,28849,0,28849,28849
1395,khm,Cambodia,1993,5,0,0,5,0,5,9751,0,9751,9751
1396,khm,Cambodia,1994,12,0,0,12,124100,124112,8536,0,8536,132636
1397,khm,Cambodia,1995,12,0,0,12,49700,49712,61224,0,61224,110924
1398,khm,Cambodia,1996,18,0,0,18,29406,29424,62240,0,62240,91646
1399,khm,Cambodia,1997,16,0,0,16,0,16,103239,0,103239,103239
1400,khm,Cambodia,1998,20,0,0,20,0,20,76575,0,76575,76575
1401,khm,Cambodia,1999,20,0,0,20,0,20,38318,0,38318,38318
1402,khm,Cambodia,2000,29,162,0,191,0,191,36851,301,37152,37152
1403,khm,Cambodia,2001,47,1045,0,1092,0,1092,34756,304,35060,35060
1404,khm,Cambodia,2002,192,76,0,268,0,268,33451,465,33916,33916
1405,khm,Cambodia,2003,76,44,0,120,0,120,31404,461,31865,31865
1406,khm,Cambodia,2004,380,315,0,695,0,695,18109,501,18610,18610
1407,khm,Cambodia,2005,122,65,0,187,0,187,17804,856,18660,18660
1408,khm,Cambodia,2006,92,124,0,216,0,216,17963,668,18631,18631
1409,khm,Cambodia,2007,175,237,0,412,0,412,17700,415,18115,18115
1410,khm,Cambodia,2008,160,59,0,219,0,219,17250,212,17462,17462
1411,khm,Cambodia,2009,131,30,0,161,0,161,17022,220,17242,17242
1412,khm,Cambodia,2010,124,49,0,173,0,173,16308,137,16445,16445
1413,khm,Cambodia,2011,61,45,0,106,0,106,15201,182,15383,15383
1414,khm,Cambodia,2012,75,20,0,95,0,95,14016,214,14230,14230
1415,khm,Cambodia,2013,64,6,0,70,0,70,13738,231,13969,13969
1416,khm,Cambodia,2014,59,38,0,97,0,97,13066,257,13323,13323
1417,khm,Cambodia,2015,74,24,0,98,0,98,12802,372,13174,13174
1418,khm,Cambodia,2016,61,170,0,231,0,231,12428,380,12808,12808
1419,khm,Cambodia,2017,61,44,0,105,0,105,12238,1578,13816,13816
1420,khm,Cambodia,2018,0,0,0,0,0,0,12139,749,12888,12888
1421,khm,Cambodia,2019,0,27,0,27,0,27,11986,846,12832,12832
1422,khm,Cambodia,2020,0,12,0,12,0,12,11862,916,12778,12778
1423,khm,Cambodia,2021,24,12,0,36,0,36,12072,893,12965,12965
1424,khm,Cambodia,2022,24,12,0,36,0,36,11700,978,12678,12678
1425,khm,Cambodia,2023,24,5,0,29,0,29,11670,1018,12688,12688
1426,cmr,Cameroon,1970,8000,0,0,8000,0,8000,0,0,0,0
1427,cmr,Cameroon,1971,0,0,0,0,0,0,0,0,0,0
1428,cmr,Cameroon,1972,0,0,0,0,0,0,0,0,0,0
1429,cmr,Cameroon,1973,0,0,0,0,0,0,0,0,0,0
1430,cmr,Cameroon,1974,0,0,0,0,0,0,0,0,0,0
1431,cmr,Cameroon,1975,30000,0,0,30000,0,30000,0,0,0,0
1432,cmr,Cameroon,1976,30000,0,0,30000,0,30000,0,0,0,0
1433,cmr,Cameroon,1977,30000,0,0,30000,0,30000,0,0,0,0
1434,cmr,Cameroon,1978,30000,0,0,30000,0,30000,0,0,0,0
1435,cmr,Cameroon,1979,19990,0,0,19990,0,19990,0,0,0,0
1436,cmr,Cameroon,1980,128000,0,0,128000,0,128000,0,0,0,0
1437,cmr,Cameroon,1981,172710,0,0,172710,0,172710,0,0,0,0
1438,cmr,Cameroon,1982,36820,0,0,36820,0,36820,0,0,0,0
1439,cmr,Cameroon,1983,4190,0,0,4190,0,4190,0,0,0,0
1440,cmr,Cameroon,1984,13690,0,0,13690,0,13690,0,0,0,0
1441,cmr,Cameroon,1985,35150,0,0,35150,0,35150,0,0,0,0
1442,cmr,Cameroon,1986,53600,0,0,53600,0,53600,0,0,0,0
1443,cmr,Cameroon,1987,59190,0,0,59190,0,59190,0,0,0,0
1444,cmr,Cameroon,1988,51160,0,0,51160,0,51160,0,0,0,0
1445,cmr,Cameroon,1989,48630,0,0,48630,0,48630,60,0,60,60
1446,cmr,Cameroon,1990,49876,0,0,49876,0,49876,100,0,100,100
1447,cmr,Cameroon,1991,45237,0,0,45237,0,45237,0,0,0,0
1448,cmr,Cameroon,1992,42233,0,0,42233,0,42233,84,0,84,84
1449,cmr,Cameroon,1993,44013,0,0,44013,0,44013,170,0,170,170
1450,cmr,Cameroon,1994,44036,0,0,44036,0,44036,236,0,236,236
1451,cmr,Cameroon,1995,45781,0,0,45781,0,45781,2018,0,2018,2018
1452,cmr,Cameroon,1996,46407,0,0,46407,0,46407,2111,0,2111,2111
1453,cmr,Cameroon,1997,47057,0,0,47057,0,47057,2250,0,2250,2250
1454,cmr,Cameroon,1998,47826,0,0,47826,0,47826,1349,0,1349,1349
1455,cmr,Cameroon,1999,49227,0,0,49227,0,49227,1651,0,1651,1651
1456,cmr,Cameroon,2000,43680,1633,0,45313,0,45313,2067,1494,3561,3561
1457,cmr,Cameroon,2001,41186,2577,0,43763,0,43763,2729,2160,4889,4889
1458,cmr,Cameroon,2002,58288,5308,0,63596,0,63596,5228,2841,8069,8069
1459,cmr,Cameroon,2003,58583,5675,0,64258,0,64258,6215,3342,9557,9557
1460,cmr,Cameroon,2004,58861,6123,0,64984,0,64984,7631,3722,11353,11353
1461,cmr,Cameroon,2005,52042,6766,0,58808,0,58808,9096,4856,13952,13952
1462,cmr,Cameroon,2006,35083,4160,0,39243,0,39243,10373,3382,13755,13755
1463,cmr,Cameroon,2007,60137,2149,0,62286,0,62286,11499,2973,14472,14472
1464,cmr,Cameroon,2008,81033,2221,0,83254,0,83254,13852,2911,16763,16763
1465,cmr,Cameroon,2009,99950,1313,0,101263,0,101263,14752,2239,16991,16991
1466,cmr,Cameroon,2010,104269,2378,0,106647,0,106647,14952,2077,17029,17029
1467,cmr,Cameroon,2011,100368,3289,0,103657,0,103657,15149,2480,17629,17629
1468,cmr,Cameroon,2012,98961,3122,0,102083,0,102083,13360,3380,16740,16740
1469,cmr,Cameroon,2013,114744,8324,0,123068,0,123068,11410,4215,15625,15625
1470,cmr,Cameroon,2014,264122,11736,0,275858,0,275858,10739,5013,15752,15752
1471,cmr,Cameroon,2015,342970,5356,0,348326,92657,440983,10565,7357,17922,110579
1472,cmr,Cameroon,2016,375413,3237,0,378650,198889,577539,10344,10943,21287,220176
1473,cmr,Cameroon,2017,337382,5765,0,343147,221695,564842,11032,24607,35639,257334
1474,cmr,Cameroon,2018,380327,8092,0,388419,668494,1056913,45118,18638,63756,732250
1475,cmr,Cameroon,2019,406259,9930,0,416189,950263,1366452,66241,21865,88106,1038369
1476,cmr,Cameroon,2020,436396,6809,0,443205,1032942,1476147,78481,23013,101494,1134436
1477,cmr,Cameroon,2021,457269,8018,0,465287,933138,1398425,125477,22151,147628,1080766
1478,cmr,Cameroon,2022,473887,9247,0,483134,989079,1472213,147352,21927,169279,1158358
1479,cmr,Cameroon,2023,469277,8554,0,477831,1027295,1505126,133945,29283,163228,1190523
1480,can,Canada,1951,168511,0,0,168511,0,168511,0,0,0,0
1481,can,Canada,1952,154828,0,0,154828,0,154828,0,0,0,0
1482,can,Canada,1953,107004,0,0,107004,0,107004,0,0,0,0
1483,can,Canada,1954,75828,0,0,75828,0,75828,0,0,0,0
1484,can,Canada,1955,52551,0,0,52551,0,52551,0,0,0,0
1485,can,Canada,1956,17485,0,0,17485,0,17485,0,0,0,0
1486,can,Canada,1957,46334,0,0,46334,0,46334,0,0,0,0
1487,can,Canada,1958,46908,0,0,46908,0,46908,0,0,0,0
1488,can,Canada,1959,47934,0,0,47934,0,47934,0,0,0,0
1489,can,Canada,1960,48629,0,0,48629,0,48629,0,0,0,0
1490,can,Canada,1961,44492,0,0,44492,0,44492,0,0,0,0
1491,can,Canada,1962,12282,0,0,12282,0,12282,0,0,0,0
1492,can,Canada,1963,10946,0,0,10946,0,10946,0,0,0,0
1493,can,Canada,1964,10178,0,0,10178,0,10178,0,0,0,0
1494,can,Canada,1965,9980,0,0,9980,0,9980,0,0,0,0
1495,can,Canada,1966,10225,0,0,10225,0,10225,0,0,0,0
1496,can,Canada,1967,9991,0,0,9991,0,9991,0,0,0,0
1497,can,Canada,1968,17950,0,0,17950,0,17950,0,0,0,0
1498,can,Canada,1969,19275,0,0,19275,0,19275,0,0,0,0
1499,can,Canada,1970,18518,0,0,18518,0,18518,0,0,0,0
1500,can,Canada,1971,17196,0,0,17196,0,17196,0,0,0,0
1501,can,Canada,1972,20933,0,0,20933,0,20933,0,0,0,0
1502,can,Canada,1973,13358,0,0,13358,0,13358,0,0,0,0
1503,can,Canada,1974,11410,0,0,11410,0,11410,0,0,0,0
1504,can,Canada,1975,16349,0,0,16349,0,16349,0,0,0,0
1505,can,Canada,1976,27387,0,0,27387,0,27387,0,0,0,0
1506,can,Canada,1977,29537,0,0,29537,0,29537,0,0,0,0
1507,can,Canada,1978,31295,0,0,31295,0,31295,0,0,0,0
1508,can,Canada,1979,57913,0,0,57913,0,57913,0,0,0,0
1509,can,Canada,1980,92679,0,0,92679,0,92679,0,0,0,0
1510,can,Canada,1981,96415,0,0,96415,0,96415,0,0,0,0
1511,can,Canada,1982,107591,0,0,107591,0,107591,0,0,0,0
1512,can,Canada,1983,120947,0,0,120947,0,120947,0,0,0,0
1513,can,Canada,1984,112966,0,0,112966,0,112966,0,0,0,0
1514,can,Canada,1985,92194,0,0,92194,0,92194,0,0,0,0
1515,can,Canada,1986,98743,0,0,98743,0,98743,0,0,0,0
1516,can,Canada,1987,104843,0,0,104843,0,104843,0,0,0,0
1517,can,Canada,1988,116434,0,0,116434,0,116434,0,0,0,0
1518,can,Canada,1989,135752,0,0,135752,0,135752,0,0,0,0
1519,can,Canada,1990,154761,0,0,154761,0,154761,0,0,0,0
1520,can,Canada,1991,170916,0,0,170916,0,170916,5,0,5,5
1521,can,Canada,1992,183723,0,0,183723,0,183723,5,0,5,5
1522,can,Canada,1993,183241,0,0,183241,0,183241,5,0,5,5
1523,can,Canada,1994,186555,0,0,186555,0,186555,5,0,5,5
1524,can,Canada,1995,152110,0,0,152110,0,152110,5,0,5,5
1525,can,Canada,1996,138427,0,0,138427,0,138427,10,0,10,10
1526,can,Canada,1997,125176,0,0,125176,0,125176,12,0,12,12
1527,can,Canada,1998,119355,0,0,119355,0,119355,16,0,16,16
1528,can,Canada,1999,123303,0,0,123303,0,123303,19,0,19,19
1529,can,Canada,2000,126991,30170,0,157161,0,157161,25,7,32,32
1530,can,Canada,2001,129227,45795,0,175022,0,175022,5,9,14,14
1531,can,Canada,2002,129935,52755,0,182690,0,182690,52,20,72,72
1532,can,Canada,2003,133088,41570,0,174658,0,174658,61,22,83,83
1533,can,Canada,2004,141402,27276,0,168678,0,168678,57,18,75,75
1534,can,Canada,2005,147164,20533,0,167697,0,167697,120,35,155,155
1535,can,Canada,2006,151832,23575,0,175407,0,175407,94,44,138,138
1536,can,Canada,2007,175728,37509,0,213237,0,213237,530,59,589,589
1537,can,Canada,2008,173642,54187,0,227829,0,227829,100,55,155,155
1538,can,Canada,2009,169424,61167,0,230591,0,230591,97,9,106,106
1539,can,Canada,2010,165544,50998,0,216542,0,216542,86,5,91,91
1540,can,Canada,2011,164879,41835,0,206714,0,206714,108,0,108,108
1541,can,Canada,2012,163751,32647,0,196398,0,196398,121,5,126,126
1542,can,Canada,2013,160347,22145,0,182492,0,182492,94,23,117,117
1543,can,Canada,2014,149164,16699,0,165863,0,165863,89,55,144,144
1544,can,Canada,2015,135890,19631,0,155521,0,155521,73,334,407,407
1545,can,Canada,2016,97322,23946,0,121268,0,121268,76,54,130,130
1546,can,Canada,2017,104768,51859,0,156627,0,156627,75,78,153,153
1547,can,Canada,2018,114101,78766,0,192867,0,192867,81,79,160,160
1548,can,Canada,2019,101757,97017,0,198774,0,198774,71,88,159,159
1549,can,Canada,2020,109214,85352,0,194566,0,194566,65,108,173,173
1550,can,Canada,2021,130125,63143,0,193268,0,193268,60,126,186,186
1551,can,Canada,2022,140621,113066,0,253687,0,253687,186,218,404,404
1552,can,Canada,2023,150192,169092,0,319284,0,319284,201,282,483,483
1553,cpv,Cape Verde,1966,0,0,0,0,0,0,300,0,300,300
1554,cpv,Cape Verde,1967,0,0,0,0,0,0,300,0,300,300
1555,cpv,Cape Verde,1968,0,0,0,0,0,0,430,0,430,430
1556,cpv,Cape Verde,1969,0,0,0,0,0,0,400,0,400,400
1557,cpv,Cape Verde,1970,0,0,0,0,0,0,400,0,400,400
1558,cpv,Cape Verde,1971,0,0,0,0,0,0,0,0,0,0
1559,cpv,Cape Verde,1972,0,0,0,0,0,0,0,0,0,0
1560,cpv,Cape Verde,1973,0,0,0,0,0,0,0,0,0,0
1561,cpv,Cape Verde,1974,0,0,0,0,0,0,0,0,0,0
1562,cpv,Cape Verde,1975,0,0,0,0,0,0,0,0,0,0
1563,cpv,Cape Verde,1976,0,0,0,0,0,0,0,0,0,0
1564,cpv,Cape Verde,1977,0,0,0,0,0,0,0,0,0,0
1565,cpv,Cape Verde,1978,0,0,0,0,0,0,0,0,0,0
1566,cpv,Cape Verde,1979,0,0,0,0,0,0,0,0,0,0
1567,cpv,Cape Verde,1980,0,0,0,0,0,0,0,0,0,0
1568,cpv,Cape Verde,1981,0,0,0,0,0,0,0,0,0,0
1569,cpv,Cape Verde,1982,0,0,0,0,0,0,0,0,0,0
1570,cpv,Cape Verde,1983,0,0,0,0,0,0,0,0,0,0
1571,cpv,Cape Verde,1984,0,0,0,0,0,0,0,0,0,0
1572,cpv,Cape Verde,1985,0,0,0,0,0,0,0,0,0,0
1573,cpv,Cape Verde,1986,0,0,0,0,0,0,0,0,0,0
1574,cpv,Cape Verde,1987,0,0,0,0,0,0,0,0,0,0
1575,cpv,Cape Verde,1988,0,0,0,0,0,0,0,0,0,0
1576,cpv,Cape Verde,1989,0,0,0,0,0,0,0,0,0,0
1577,cpv,Cape Verde,1990,0,0,0,0,0,0,0,0,0,0
1578,cpv,Cape Verde,1991,5,0,0,5,0,5,0,0,0,0
1579,cpv,Cape Verde,1992,0,0,0,0,0,0,0,0,0,0
1580,cpv,Cape Verde,1993,0,0,0,0,0,0,0,0,0,0
1581,cpv,Cape Verde,1994,0,0,0,0,0,0,0,0,0,0
1582,cpv,Cape Verde,1995,0,0,0,0,0,0,0,0,0,0
1583,cpv,Cape Verde,1996,0,0,0,0,0,0,0,0,0,0
1584,cpv,Cape Verde,1997,0,0,0,0,0,0,0,0,0,0
1585,cpv,Cape Verde,1998,0,0,0,0,0,0,0,0,0,0
1586,cpv,Cape Verde,1999,0,0,0,0,0,0,0,0,0,0
1587,cpv,Cape Verde,2000,0,0,0,0,0,0,0,13,13,13
1588,cpv,Cape Verde,2001,0,0,0,0,0,0,5,19,24,24
1589,cpv,Cape Verde,2002,0,0,0,0,0,0,5,11,16,16
1590,cpv,Cape Verde,2003,0,0,0,0,0,0,7,11,18,18
1591,cpv,Cape Verde,2004,0,0,0,0,0,0,5,11,16,16
1592,cpv,Cape Verde,2005,0,0,0,0,0,0,0,14,14,14
1593,cpv,Cape Verde,2006,0,0,0,0,0,0,34,10,44,44
1594,cpv,Cape Verde,2007,0,0,0,0,0,0,28,5,33,33
1595,cpv,Cape Verde,2008,0,0,0,0,0,0,27,0,27,27
1596,cpv,Cape Verde,2009,0,0,0,0,0,0,22,0,22,22
1597,cpv,Cape Verde,2010,0,0,0,0,0,0,22,0,22,22
1598,cpv,Cape Verde,2011,0,0,0,0,0,0,22,5,27,27
1599,cpv,Cape Verde,2012,0,0,0,0,0,0,22,10,32,32
1600,cpv,Cape Verde,2013,0,0,0,0,0,0,22,17,39,39
1601,cpv,Cape Verde,2014,0,0,0,0,0,0,27,46,73,73
1602,cpv,Cape Verde,2015,0,0,0,0,0,0,27,95,122,122
1603,cpv,Cape Verde,2016,0,0,0,0,0,0,10,98,108,108
1604,cpv,Cape Verde,2017,0,0,0,0,0,0,5,181,186,186
1605,cpv,Cape Verde,2018,0,0,0,0,0,0,10,206,216,216
1606,cpv,Cape Verde,2019,0,0,0,0,0,0,10,250,260,260
1607,cpv,Cape Verde,2020,0,0,0,0,0,0,5,258,263,263
1608,cpv,Cape Verde,2021,0,0,0,0,0,0,10,273,283,283
1609,cpv,Cape Verde,2022,0,0,0,0,0,0,20,256,276,276
1610,cpv,Cape Verde,2023,0,0,0,0,0,0,10,194,204,204
1611,caf,Central African Republic,1964,3300,0,0,3300,0,3300,0,0,0,0
1612,caf,Central African Republic,1965,20560,0,0,20560,0,20560,0,0,0,0
1613,caf,Central African Republic,1966,43000,0,0,43000,0,43000,0,0,0,0
1614,caf,Central African Republic,1967,35000,0,0,35000,0,35000,0,0,0,0
1615,caf,Central African Republic,1968,23000,0,0,23000,0,23000,0,0,0,0
1616,caf,Central African Republic,1969,23000,0,0,23000,0,23000,0,0,0,0
1617,caf,Central African Republic,1970,27150,0,0,27150,0,27150,0,0,0,0
1618,caf,Central African Republic,1971,28000,0,0,28000,0,28000,0,0,0,0
1619,caf,Central African Republic,1972,21970,0,0,21970,0,21970,0,0,0,0
1620,caf,Central African Republic,1973,7000,0,0,7000,0,7000,0,0,0,0
1621,caf,Central African Republic,1974,5000,0,0,5000,0,5000,0,0,0,0
1622,caf,Central African Republic,1975,5000,0,0,5000,0,5000,0,0,0,0
1623,caf,Central African Republic,1976,0,0,0,0,0,0,0,0,0,0
1624,caf,Central African Republic,1977,0,0,0,0,0,0,0,0,0,0
1625,caf,Central African Republic,1978,0,0,0,0,0,0,0,0,0,0
1626,caf,Central African Republic,1979,1000,0,0,1000,0,1000,0,0,0,0
1627,caf,Central African Republic,1980,7000,0,0,7000,0,7000,0,0,0,0
1628,caf,Central African Republic,1981,4000,0,0,4000,0,4000,0,0,0,0
1629,caf,Central African Republic,1982,7450,0,0,7450,0,7450,15000,0,15000,15000
1630,caf,Central African Republic,1983,6790,0,0,6790,0,6790,0,0,0,0
1631,caf,Central African Republic,1984,42000,0,0,42000,0,42000,0,0,0,0
1632,caf,Central African Republic,1985,46330,0,0,46330,0,46330,0,0,0,0
1633,caf,Central African Republic,1986,12980,0,0,12980,0,12980,230,0,230,230
1634,caf,Central African Republic,1987,4250,0,0,4250,0,4250,160,0,160,160
1635,caf,Central African Republic,1988,3148,0,0,3148,0,3148,170,0,170,170
1636,caf,Central African Republic,1989,2493,0,0,2493,0,2493,310,0,310,310
1637,caf,Central African Republic,1990,4284,0,0,4284,0,4284,100,0,100,100
1638,caf,Central African Republic,1991,12223,0,0,12223,0,12223,320,0,320,320
1639,caf,Central African Republic,1992,19040,0,0,19040,0,19040,325,0,325,325
1640,caf,Central African Republic,1993,44129,0,0,44129,0,44129,309,0,309,309
1641,caf,Central African Republic,1994,47790,0,0,47790,0,47790,264,0,264,264
1642,caf,Central African Republic,1995,33856,0,0,33856,0,33856,241,0,241,241
1643,caf,Central African Republic,1996,36564,0,0,36564,0,36564,240,0,240,240
1644,caf,Central African Republic,1997,38490,0,0,38490,0,38490,139,0,139,139
1645,caf,Central African Republic,1998,43006,0,0,43006,0,43006,168,0,168,168
1646,caf,Central African Republic,1999,49310,0,0,49310,0,49310,190,0,190,190
1647,caf,Central African Republic,2000,55658,1735,0,57393,0,57393,135,54,189,189
1648,caf,Central African Republic,2001,49233,3667,0,52900,0,52900,28698,353,29051,29051
1649,caf,Central African Republic,2002,50720,5345,0,56065,0,56065,25368,657,26025,26025
1650,caf,Central African Republic,2003,44751,3419,0,48170,0,48170,35394,832,36226,36226
1651,caf,Central African Republic,2004,25019,2748,0,27767,0,27767,31056,1286,32342,32342
1652,caf,Central African Republic,2005,24564,1956,0,26520,0,26520,42875,1839,44714,44714
1653,caf,Central African Republic,2006,12351,1903,0,14254,147000,161254,71669,2108,73777,220777
1654,caf,Central African Republic,2007,7530,1970,0,9500,197000,206500,98092,1333,99425,296425
1655,caf,Central African Republic,2008,7423,1447,0,8870,197000,205870,125090,1213,126303,323303
1656,caf,Central African Republic,2009,27041,1213,0,28254,197000,225254,159542,852,160394,357394
1657,caf,Central African Republic,2010,21568,1213,0,22781,192529,215310,164902,1504,166406,358935
1658,caf,Central African Republic,2011,16737,2447,0,19184,105206,124390,162861,1793,164654,269860
1659,caf,Central African Republic,2012,14015,2603,0,16618,51679,68297,164567,1899,166466,218145
1660,caf,Central African Republic,2013,14323,2635,0,16958,894421,911379,252854,7459,260313,1154734
1661,caf,Central African Republic,2014,7692,408,0,8100,438538,446638,412028,14361,426389,864927
1662,caf,Central African Republic,2015,7332,332,0,7664,216392,224056,471093,10634,481727,698119
1663,caf,Central African Republic,2016,12117,310,0,12427,411785,424212,490879,10603,501482,913267
1664,caf,Central African Republic,2017,10033,571,0,10604,688700,699304,545513,12997,558510,1247210
1665,caf,Central African Republic,2018,6652,397,0,7049,640970,648019,590858,17278,608136,1249106
1666,caf,Central African Republic,2019,7170,309,0,7479,669906,677385,610152,15935,626087,1295993
1667,caf,Central African Republic,2020,9083,285,0,9368,681930,691298,642161,13458,655619,1337549
1668,caf,Central African Republic,2021,9305,765,0,10070,691791,701861,737658,14283,751941,1443732
1669,caf,Central African Republic,2022,11213,470,0,11683,515665,527348,748344,14291,762635,1278300
1670,caf,Central African Republic,2023,11322,44571,0,55893,485825,541718,750875,13755,764630,1250455
1671,tcd,Chad,1970,0,0,0,0,0,0,1900,0,1900,1900
1672,tcd,Chad,1971,0,0,0,0,0,0,1400,0,1400,1400
1673,tcd,Chad,1972,0,0,0,0,0,0,1500,0,1500,1500
1674,tcd,Chad,1973,0,0,0,0,0,0,1500,0,1500,1500
1675,tcd,Chad,1974,0,0,0,0,0,0,0,0,0,0
1676,tcd,Chad,1975,0,0,0,0,0,0,0,0,0,0
1677,tcd,Chad,1976,0,0,0,0,0,0,0,0,0,0
1678,tcd,Chad,1977,0,0,0,0,0,0,0,0,0,0
1679,tcd,Chad,1978,0,0,0,0,0,0,0,0,0,0
1680,tcd,Chad,1979,0,0,0,0,0,0,10000,0,10000,10000
1681,tcd,Chad,1980,0,0,0,0,0,0,221000,0,221000,221000
1682,tcd,Chad,1981,0,0,0,0,0,0,234260,0,234260,234260
1683,tcd,Chad,1982,0,0,0,0,0,0,17010,0,17010,17010
1684,tcd,Chad,1983,0,0,0,0,0,0,16745,0,16745,16745
1685,tcd,Chad,1984,0,0,0,0,0,0,181346,0,181346,181346
1686,tcd,Chad,1985,0,0,0,0,0,0,212158,0,212158,212158
1687,tcd,Chad,1986,0,0,0,0,0,0,170078,0,170078,170078
1688,tcd,Chad,1987,0,0,0,0,0,0,146858,0,146858,146858
1689,tcd,Chad,1988,0,0,0,0,0,0,130790,0,130790,130790
1690,tcd,Chad,1989,0,0,0,0,0,0,125863,0,125863,125863
1691,tcd,Chad,1990,0,0,0,0,0,0,184804,0,184804,184804
1692,tcd,Chad,1991,0,0,0,0,0,0,72317,0,72317,72317
1693,tcd,Chad,1992,70,0,0,70,0,70,66378,0,66378,66378
1694,tcd,Chad,1993,62,0,0,62,0,62,212923,0,212923,212923
1695,tcd,Chad,1994,105,0,0,105,0,105,211968,0,211968,211968
1696,tcd,Chad,1995,100,0,0,100,0,100,59726,0,59726,59726
1697,tcd,Chad,1996,100,0,0,100,0,100,58443,0,58443,58443
1698,tcd,Chad,1997,298,0,0,298,0,298,55026,0,55026,55026
1699,tcd,Chad,1998,8807,0,0,8807,0,8807,61294,0,61294,61294
1700,tcd,Chad,1999,23477,0,0,23477,0,23477,58792,0,58792,58792
1701,tcd,Chad,2000,17689,544,0,18233,0,18233,54955,2422,57377,57377
1702,tcd,Chad,2001,12950,645,0,13595,0,13595,46282,2992,49274,49274
1703,tcd,Chad,2002,33455,1033,0,34488,0,34488,47340,2436,49776,49776
1704,tcd,Chad,2003,146396,162,0,146558,0,146558,52268,2319,54587,54587
1705,tcd,Chad,2004,259880,0,0,259880,0,259880,52645,2540,55185,55185
1706,tcd,Chad,2005,275412,63,0,275475,0,275475,48389,3109,51498,51498
1707,tcd,Chad,2006,286743,10,0,286753,112686,399439,36286,3430,39716,152402
1708,tcd,Chad,2007,294017,44,0,294061,178918,472979,55697,2668,58365,237283
1709,tcd,Chad,2008,330510,51,0,330561,166718,497279,55083,3340,58423,225141
1710,tcd,Chad,2009,338495,59,0,338554,170531,509085,54997,2311,57308,227839
1711,tcd,Chad,2010,347931,105,0,348036,131000,479036,53713,2664,56377,187377
1712,tcd,Chad,2011,366491,162,0,366653,124000,490653,42619,3122,45741,169741
1713,tcd,Chad,2012,373690,173,0,373863,90000,463863,39674,3758,43432,133432
1714,tcd,Chad,2013,434476,303,0,434779,19791,454570,48618,3844,52462,72253
1715,tcd,Chad,2014,452897,1793,0,454690,0,454690,48236,3296,51532,51532
1716,tcd,Chad,2015,369538,2890,0,372428,51999,424427,14921,3267,18188,70187
1717,tcd,Chad,2016,391235,1908,0,393143,124342,517485,14176,3178,17354,141696
1718,tcd,Chad,2017,411475,660,0,412135,99983,512118,16325,3105,19430,119413
1719,tcd,Chad,2018,451203,3467,0,454670,165314,619984,10895,4401,15296,180610
1720,tcd,Chad,2019,442670,3756,0,446426,170278,616704,11163,5335,16498,186776
1721,tcd,Chad,2020,478649,4568,0,483217,336124,819341,10388,6224,16612,352736
1722,tcd,Chad,2021,555782,4705,0,560487,406573,967060,11771,7572,19343,425916
1723,tcd,Chad,2022,592764,4953,0,597717,381289,979006,12811,7091,19902,401191
1724,tcd,Chad,2023,762731,5392,0,768123,381289,1149412,9447,39642,49089,430378
1725,chl,Chile,1969,6500,0,0,6500,0,6500,0,0,0,0
1726,chl,Chile,1970,6000,0,0,6000,0,6000,0,0,0,0
1727,chl,Chile,1971,7000,0,0,7000,0,7000,0,0,0,0
1728,chl,Chile,1972,7000,0,0,7000,0,7000,0,0,0,0
1729,chl,Chile,1973,9500,0,0,9500,0,9500,0,0,0,0
1730,chl,Chile,1974,3700,0,0,3700,0,3700,13550,0,13550,13550
1731,chl,Chile,1975,3300,0,0,3300,0,3300,15350,0,15350,15350
1732,chl,Chile,1976,4000,0,0,4000,0,4000,2670,0,2670,2670
1733,chl,Chile,1977,5200,0,0,5200,0,5200,3000,0,3000,3000
1734,chl,Chile,1978,3080,0,0,3080,0,3080,3130,0,3130,3130
1735,chl,Chile,1979,2000,0,0,2000,0,2000,3130,0,3130,3130
1736,chl,Chile,1980,1500,0,0,1500,0,1500,1505,0,1505,1505
1737,chl,Chile,1981,1500,0,0,1500,0,1500,1885,0,1885,1885
1738,chl,Chile,1982,2500,0,0,2500,0,2500,2483,0,2483,2483
1739,chl,Chile,1983,2500,0,0,2500,0,2500,1794,0,1794,1794
1740,chl,Chile,1984,2500,0,0,2500,0,2500,1552,0,1552,1552
1741,chl,Chile,1985,540,0,0,540,0,540,2181,0,2181,2181
1742,chl,Chile,1986,0,0,0,0,0,0,2434,0,2434,2434
1743,chl,Chile,1987,0,0,0,0,0,0,1906,0,1906,1906
1744,chl,Chile,1988,300,0,0,300,0,300,608,0,608,608
1745,chl,Chile,1989,300,0,0,300,0,300,1201,0,1201,1201
1746,chl,Chile,1990,58,0,0,58,0,58,14547,0,14547,14547
1747,chl,Chile,1991,72,0,0,72,0,72,14006,0,14006,14006
1748,chl,Chile,1992,142,0,0,142,0,142,14042,0,14042,14042
1749,chl,Chile,1993,237,0,0,237,0,237,15265,0,15265,15265
1750,chl,Chile,1994,216,0,0,216,0,216,15475,0,15475,15475
1751,chl,Chile,1995,280,0,0,280,0,280,14274,0,14274,14274
1752,chl,Chile,1996,307,0,0,307,0,307,12801,0,12801,12801
1753,chl,Chile,1997,270,0,0,270,0,270,9775,0,9775,9775
1754,chl,Chile,1998,306,0,0,306,0,306,7005,0,7005,7005
1755,chl,Chile,1999,326,0,0,326,0,326,1539,0,1539,1539
1756,chl,Chile,2000,366,63,0,429,0,429,858,159,1017,1017
1757,chl,Chile,2001,389,60,0,449,0,449,834,199,1033,1033
1758,chl,Chile,2002,414,12,0,426,0,426,1705,513,2218,2218
1759,chl,Chile,2003,472,48,0,520,0,520,1549,309,1858,1858
1760,chl,Chile,2004,566,75,0,641,0,641,1183,197,1380,1380
1761,chl,Chile,2005,807,101,0,908,0,908,929,81,1010,1010
1762,chl,Chile,2006,1135,334,0,1469,0,1469,798,83,881,881
1763,chl,Chile,2007,1375,507,0,1882,0,1882,964,127,1091,1091
1764,chl,Chile,2008,1607,875,0,2482,0,2482,988,128,1116,1116
1765,chl,Chile,2009,1539,498,0,2037,0,2037,1305,178,1483,1483
1766,chl,Chile,2010,1613,271,0,1884,0,1884,1163,170,1333,1333
1767,chl,Chile,2011,1669,356,0,2025,0,2025,1182,117,1299,1299
1768,chl,Chile,2012,1692,353,0,2045,0,2045,1145,63,1208,1208
1769,chl,Chile,2013,1738,416,0,2154,0,2154,588,66,654,654
1770,chl,Chile,2014,1764,571,0,2335,0,2335,571,98,669,669
1771,chl,Chile,2015,1840,1055,0,2895,0,2895,554,149,703,703
1772,chl,Chile,2016,1730,3218,0,4948,0,4948,495,200,695,695
1773,chl,Chile,2017,1861,8462,0,10323,0,10323,493,350,843,843
1774,chl,Chile,2018,2026,11993,285122,299141,0,299141,479,514,993,993
1775,chl,Chile,2019,2046,8521,452712,463279,0,463279,486,1251,1737,1737
1776,chl,Chile,2020,2053,8069,454547,464669,0,464669,659,2111,2770,2770
1777,chl,Chile,2021,2065,10159,500271,512495,0,512495,987,9058,10045,10045
1778,chl,Chile,2022,2133,11896,436845,450874,0,450874,1500,11879,13379,13379
1779,chl,Chile,2023,2173,12440,436060,450673,0,450673,1619,16896,18515,18515
1780,chn,China,1964,0,0,0,0,0,0,1200000,0,1200000,1200000
1781,chn,China,1965,0,0,0,0,0,0,1330000,0,1330000,1330000
1782,chn,China,1966,970,0,0,970,0,970,1326810,0,1326810,1326810
1783,chn,China,1967,0,0,0,0,0,0,74000,0,74000,74000
1784,chn,China,1968,0,0,0,0,0,0,70000,0,70000,70000
1785,chn,China,1969,0,0,0,0,0,0,65000,0,65000,65000
1786,chn,China,1970,0,0,0,0,0,0,66000,0,66000,66000
1787,chn,China,1971,0,0,0,0,0,0,70000,0,70000,70000
1788,chn,China,1972,0,0,0,0,0,0,75000,0,75000,75000
1789,chn,China,1973,0,0,0,0,0,0,0,0,0,0
1790,chn,China,1974,0,0,0,0,0,0,0,0,0,0
1791,chn,China,1975,0,0,0,0,0,0,0,0,0,0
1792,chn,China,1976,0,0,0,0,0,0,0,0,0,0
1793,chn,China,1977,0,0,0,0,0,0,0,0,0,0
1794,chn,China,1978,0,0,0,0,0,0,0,0,0,0
1795,chn,China,1979,250000,0,0,250000,0,250000,0,0,0,0
1796,chn,China,1980,263000,0,0,263000,0,263000,24,0,24,24
1797,chn,China,1981,265000,0,0,265000,0,265000,24,0,24,24
1798,chn,China,1982,272100,0,0,272100,0,272100,104,0,104,104
1799,chn,China,1983,276630,0,0,276630,0,276630,24,0,24,24
1800,chn,China,1984,279750,0,0,279750,0,279750,24,0,24,24
1801,chn,China,1985,279670,0,0,279670,0,279670,124,0,124,124
1802,chn,China,1986,281790,0,0,281790,0,281790,154,0,154,154
1803,chn,China,1987,280600,0,0,280600,0,280600,24,0,24,24
1804,chn,China,1988,284300,0,0,284300,0,284300,265,0,265,265
1805,chn,China,1989,284300,0,0,284300,0,284300,413,0,413,413
1806,chn,China,1990,287276,0,0,287276,0,287276,1426,0,1426,1426
1807,chn,China,1991,289061,0,0,289061,0,289061,2011,0,2011,2011
1808,chn,China,1992,288123,0,0,288123,0,288123,82576,0,82576,82576
1809,chn,China,1993,287424,0,0,287424,0,287424,111507,0,111507,111507
1810,chn,China,1994,287065,0,0,287065,0,287065,113908,0,113908,113908
1811,chn,China,1995,288310,0,0,288310,0,288310,104691,0,104691,104691
1812,chn,China,1996,290099,0,0,290099,0,290099,105806,0,105806,105806
1813,chn,China,1997,291506,0,0,291506,0,291506,106731,0,106731,106731
1814,chn,China,1998,292345,0,0,292345,0,292345,109396,0,109396,109396
1815,chn,China,1999,293297,0,0,293297,0,293297,111950,0,111950,111950
1816,chn,China,2000,294109,10,0,294119,0,294119,110967,17178,128145,128145
1817,chn,China,2001,295321,0,0,295321,0,295321,117403,19783,137186,137186
1818,chn,China,2002,297273,5,0,297278,0,297278,132099,25224,157323,157323
1819,chn,China,2003,299347,39,0,299386,0,299386,132390,21257,153647,153647
1820,chn,China,2004,299367,35,0,299402,0,299402,134708,19725,154433,154433
1821,chn,China,2005,301039,68,0,301107,0,301107,124086,19378,143464,143464
1822,chn,China,2006,301024,72,0,301096,0,301096,140584,17278,157862,157862
1823,chn,China,2007,301075,59,0,301134,0,301134,149087,15526,164613,164613
1824,chn,China,2008,300966,12,0,300978,0,300978,175169,19615,194784,194784
1825,chn,China,2009,300985,39,0,301024,0,301024,180546,18325,198871,198871
1826,chn,China,2010,300984,120,0,301104,0,301104,184601,7732,192333,192333
1827,chn,China,2011,301016,26,0,301042,0,301042,190369,11375,201744,201744
1828,chn,China,2012,301037,253,0,301290,0,301290,193449,15362,208811,208811
1829,chn,China,2013,301045,374,0,301419,0,301419,195121,24799,219920,219920
1830,chn,China,2014,301052,447,0,301499,0,301499,210793,47335,258128,258128
1831,chn,China,2015,301044,672,0,301716,0,301716,212911,57693,270604,270604
1832,chn,China,2016,317254,647,0,317901,0,317901,207768,72165,279933,279933
1833,chn,China,2017,321714,691,0,322405,0,322405,207716,89508,297224,297224
1834,chn,China,2018,321758,583,0,322341,0,322341,212039,94351,306390,306390
1835,chn,China,2019,303379,644,0,304023,0,304023,212863,104248,317111,317111
1836,chn,China,2020,303405,743,0,304148,0,304148,175361,108071,283432,283432
1837,chn,China,2021,303436,785,0,304221,0,304221,170222,118476,288698,288698
1838,chn,China,2022,320,785,0,1105,0,1105,161366,116338,277704,277704
1839,chn,China,2023,287,757,0,1044,0,1044,161574,120947,282521,282521
1840,col,Colombia,1970,1500,0,0,1500,0,1500,0,0,0,0
1841,col,Colombia,1971,1400,0,0,1400,0,1400,0,0,0,0
1842,col,Colombia,1972,1350,0,0,1350,0,1350,0,0,0,0
1843,col,Colombia,1973,1450,0,0,1450,0,1450,0,0,0,0
1844,col,Colombia,1974,1200,0,0,1200,0,1200,0,0,0,0
1845,col,Colombia,1975,0,0,0,0,0,0,0,0,0,0
1846,col,Colombia,1976,0,0,0,0,0,0,0,0,0,0
1847,col,Colombia,1977,1800,0,0,1800,0,1800,0,0,0,0
1848,col,Colombia,1978,1500,0,0,1500,0,1500,0,0,0,0
1849,col,Colombia,1979,2000,0,0,2000,0,2000,0,0,0,0
1850,col,Colombia,1980,2000,0,0,2000,0,2000,0,0,0,0
1851,col,Colombia,1981,1800,0,0,1800,0,1800,50,0,50,50
1852,col,Colombia,1982,150,0,0,150,0,150,100,0,100,100
1853,col,Colombia,1983,210,0,0,210,0,210,0,0,0,0
1854,col,Colombia,1984,330,0,0,330,0,330,0,0,0,0
1855,col,Colombia,1985,400,0,0,400,0,400,60,0,60,60
1856,col,Colombia,1986,240,0,0,240,0,240,50,0,50,50
1857,col,Colombia,1987,680,0,0,680,0,680,50,0,50,50
1858,col,Colombia,1988,720,0,0,720,0,720,35,0,35,35
1859,col,Colombia,1989,700,0,0,700,0,700,65,0,65,65
1860,col,Colombia,1990,460,0,0,460,0,460,493,0,493,493
1861,col,Colombia,1991,450,0,0,450,0,450,738,0,738,738
1862,col,Colombia,1992,478,0,0,478,0,478,841,0,841,841
1863,col,Colombia,1993,296,0,0,296,0,296,1040,0,1040,1040
1864,col,Colombia,1994,312,0,0,312,0,312,1361,0,1361,1361
1865,col,Colombia,1995,220,0,0,220,0,220,1902,0,1902,1902
1866,col,Colombia,1996,222,0,0,222,0,222,2168,0,2168,2168
1867,col,Colombia,1997,223,0,0,223,0,223,2376,0,2376,2376
1868,col,Colombia,1998,226,0,0,226,0,226,3536,0,3536,3536
1869,col,Colombia,1999,232,0,0,232,0,232,4412,0,4412,4412
1870,col,Colombia,2000,244,12,0,256,525000,525256,9278,5003,14281,539281
1871,col,Colombia,2001,213,18,0,231,720000,720231,17937,15467,33404,753404
1872,col,Colombia,2002,208,7,0,215,950000,950215,30624,21920,52544,1002544
1873,col,Colombia,2003,189,15,0,204,1244072,1244276,37992,22938,60930,1305002
1874,col,Colombia,2004,146,28,0,174,2000000,2000174,47380,21525,68905,2068905
1875,col,Colombia,2005,152,35,0,187,2000000,2000187,60447,19744,80191,2080191
1876,col,Colombia,2006,137,72,0,209,3000000,3000209,72793,21914,94707,3094707
1877,col,Colombia,2007,164,83,0,247,3000000,3000247,551741,43097,594838,3594838
1878,col,Colombia,2008,165,71,0,236,3000000,3000236,373532,52620,426152,3426152
1879,col,Colombia,2009,184,118,0,302,3303979,3304281,389753,64335,454088,3758067
1880,col,Colombia,2010,198,165,0,363,3672054,3672417,395579,60336,455915,4127969
1881,col,Colombia,2011,208,115,0,323,3888309,3888632,395950,42586,438536,4326845
1882,col,Colombia,2012,204,70,0,274,3943509,3943783,394112,18635,412747,4356256
1883,col,Colombia,2013,207,58,0,265,5368138,5368403,396711,15638,412349,5780487
1884,col,Colombia,2014,198,154,0,352,6044151,6044503,360291,4713,365004,6409155
1885,col,Colombia,2015,212,105,0,317,6939067,6939384,340116,6879,346995,7286062
1886,col,Colombia,2016,241,368,0,609,7410816,7411425,311059,12581,323640,7734456
1887,col,Colombia,2017,260,525,0,785,7677609,7678394,191635,32478,224113,7901722
1888,col,Colombia,2018,294,2851,1171552,1174697,7816473,8991170,138583,45674,184257,8000730
1889,col,Colombia,2019,634,9094,1771237,1780965,7976412,9757377,189254,75548,264802,8241214
1890,col,Colombia,2020,957,19933,1729537,1750427,8252788,10003215,189866,70917,260783,8513571
1891,col,Colombia,2021,1504,28920,1842390,1872814,6766002,8638816,115792,80705,196497,6962499
1892,col,Colombia,2022,1607,22675,2453862,2478144,6834492,9312636,109012,144210,253222,7087714
1893,col,Colombia,2023,1497,23839,2452890,2478226,6886426,9364652,111394,220456,331850,7218276
1894,com,Comoros,1989,0,0,0,0,0,0,5,0,5,5
1895,com,Comoros,1990,0,0,0,0,0,0,5,0,5,5
1896,com,Comoros,1991,0,0,0,0,0,0,0,0,0,0
1897,com,Comoros,1992,0,0,0,0,0,0,0,0,0,0
1898,com,Comoros,1993,0,0,0,0,0,0,0,0,0,0
1899,com,Comoros,1994,0,0,0,0,0,0,5,0,5,5
1900,com,Comoros,1995,0,0,0,0,0,0,10,0,10,10
1901,com,Comoros,1996,0,0,0,0,0,0,10,0,10,10
1902,com,Comoros,1997,0,0,0,0,0,0,5,0,5,5
1903,com,Comoros,1998,0,0,0,0,0,0,27,0,27,27
1904,com,Comoros,1999,9,0,0,9,0,9,27,0,27,27
1905,com,Comoros,2000,13,0,0,13,0,13,25,96,121,121
1906,com,Comoros,2001,12,0,0,12,0,12,25,82,107,107
1907,com,Comoros,2002,0,0,0,0,0,0,40,36,76,76
1908,com,Comoros,2003,0,0,0,0,0,0,62,45,107,107
1909,com,Comoros,2004,0,0,0,0,0,0,52,517,569,569
1910,com,Comoros,2005,0,0,0,0,0,0,64,509,573,573
1911,com,Comoros,2006,0,0,0,0,0,0,73,5,78,78
1912,com,Comoros,2007,0,0,0,0,0,0,93,41,134,134
1913,com,Comoros,2008,0,0,0,0,0,0,376,36,412,412
1914,com,Comoros,2009,0,0,0,0,0,0,268,5,273,273
1915,com,Comoros,2010,0,0,0,0,0,0,365,5,370,370
1916,com,Comoros,2011,0,0,0,0,0,0,420,28,448,448
1917,com,Comoros,2012,0,0,0,0,0,0,449,54,503,503
1918,com,Comoros,2013,0,0,0,0,0,0,509,318,827,827
1919,com,Comoros,2014,0,0,0,0,0,0,580,348,928,928
1920,com,Comoros,2015,0,0,0,0,0,0,550,226,776,776
1921,com,Comoros,2016,0,0,0,0,0,0,572,226,798,798
1922,com,Comoros,2017,0,0,0,0,0,0,600,322,922,922
1923,com,Comoros,2018,0,0,0,0,0,0,624,500,1124,1124
1924,com,Comoros,2019,0,0,0,0,0,0,658,1459,2117,2117
1925,com,Comoros,2020,0,0,0,0,0,0,748,2688,3436,3436
1926,com,Comoros,2021,27,0,0,27,0,27,1670,1833,3503,3503
1927,com,Comoros,2022,12,5,0,17,0,17,1900,792,2692,2692
1928,com,Comoros,2023,10,0,0,10,0,10,2074,496,2570,2570
1929,cod,"Congo, Dem. Rep.",1960,150000,0,0,150000,0,150000,0,0,0,0
1930,cod,"Congo, Dem. Rep.",1961,203000,0,0,203000,0,203000,0,0,0,0
1931,cod,"Congo, Dem. Rep.",1962,223000,0,0,223000,0,223000,0,0,0,0
1932,cod,"Congo, Dem. Rep.",1963,237000,0,0,237000,0,237000,0,0,0,0
1933,cod,"Congo, Dem. Rep.",1964,236000,0,0,236000,0,236000,58700,0,58700,58700
1934,cod,"Congo, Dem. Rep.",1965,265000,0,0,265000,0,265000,47000,0,47000,47000
1935,cod,"Congo, Dem. Rep.",1966,357100,0,0,357100,0,357100,74800,0,74800,74800
1936,cod,"Congo, Dem. Rep.",1967,434100,0,0,434100,0,434100,78190,0,78190,78190
1937,cod,"Congo, Dem. Rep.",1968,475400,0,0,475400,0,475400,67330,0,67330,67330
1938,cod,"Congo, Dem. Rep.",1969,496300,0,0,496300,0,496300,54530,0,54530,54530
1939,cod,"Congo, Dem. Rep.",1970,489000,0,0,489000,0,489000,51650,0,51650,51650
1940,cod,"Congo, Dem. Rep.",1971,474250,0,0,474250,0,474250,43470,0,43470,43470
1941,cod,"Congo, Dem. Rep.",1972,495250,0,0,495250,0,495250,43920,0,43920,43920
1942,cod,"Congo, Dem. Rep.",1973,460050,0,0,460050,0,460050,43380,0,43380,43380
1943,cod,"Congo, Dem. Rep.",1974,503250,0,0,503250,0,503250,39820,0,39820,39820
1944,cod,"Congo, Dem. Rep.",1975,510000,0,0,510000,0,510000,39410,0,39410,39410
1945,cod,"Congo, Dem. Rep.",1976,515000,0,0,515000,0,515000,44070,0,44070,44070
1946,cod,"Congo, Dem. Rep.",1977,530300,0,0,530300,0,530300,264940,0,264940,264940
1947,cod,"Congo, Dem. Rep.",1978,653000,0,0,653000,0,653000,151560,0,151560,151560
1948,cod,"Congo, Dem. Rep.",1979,710480,0,0,710480,0,710480,70450,0,70450,70450
1949,cod,"Congo, Dem. Rep.",1980,611110,0,0,611110,0,611110,116750,0,116750,116750
1950,cod,"Congo, Dem. Rep.",1981,576740,0,0,576740,0,576740,118970,0,118970,118970
1951,cod,"Congo, Dem. Rep.",1982,497600,0,0,497600,0,497600,92455,0,92455,92455
1952,cod,"Congo, Dem. Rep.",1983,303500,0,0,303500,0,303500,101571,0,101571,101571
1953,cod,"Congo, Dem. Rep.",1984,337330,0,0,337330,0,337330,94512,0,94512,94512
1954,cod,"Congo, Dem. Rep.",1985,283000,0,0,283000,0,283000,86418,0,86418,86418
1955,cod,"Congo, Dem. Rep.",1986,301230,0,0,301230,0,301230,96619,0,96619,96619
1956,cod,"Congo, Dem. Rep.",1987,320000,0,0,320000,0,320000,69428,0,69428,69428
1957,cod,"Congo, Dem. Rep.",1988,340675,0,0,340675,0,340675,103537,0,103537,103537
1958,cod,"Congo, Dem. Rep.",1989,340689,0,0,340689,0,340689,100786,0,100786,100786
1959,cod,"Congo, Dem. Rep.",1990,416435,0,0,416435,0,416435,67423,0,67423,67423
1960,cod,"Congo, Dem. Rep.",1991,482959,0,0,482959,0,482959,65816,0,65816,65816
1961,cod,"Congo, Dem. Rep.",1992,391127,0,0,391127,0,391127,81269,0,81269,81269
1962,cod,"Congo, Dem. Rep.",1993,572070,0,0,572070,0,572070,74817,0,74817,74817
1963,cod,"Congo, Dem. Rep.",1994,1724365,0,0,1724365,0,1724365,73279,0,73279,73279
1964,cod,"Congo, Dem. Rep.",1995,1433760,0,0,1433760,0,1433760,89742,0,89742,89742
1965,cod,"Congo, Dem. Rep.",1996,675972,0,0,675972,0,675972,158794,0,158794,158794
1966,cod,"Congo, Dem. Rep.",1997,297536,0,0,297536,0,297536,173994,0,173994,173994
1967,cod,"Congo, Dem. Rep.",1998,240214,0,0,240214,0,240214,158828,0,158828,158828
1968,cod,"Congo, Dem. Rep.",1999,285270,0,0,285270,0,285270,255942,0,255942,255942
1969,cod,"Congo, Dem. Rep.",2000,332509,143,0,332652,3000,335652,371705,19844,391549,394549
1970,cod,"Congo, Dem. Rep.",2001,362014,299,0,362313,3458,365771,392142,28257,420399,423857
1971,cod,"Congo, Dem. Rep.",2002,332978,391,0,333369,9000,342369,421355,44078,465433,474433
1972,cod,"Congo, Dem. Rep.",2003,234033,441,0,234474,0,234474,453465,51942,505407,505407
1973,cod,"Congo, Dem. Rep.",2004,199323,348,0,199671,0,199671,462186,50911,513097,513097
1974,cod,"Congo, Dem. Rep.",2005,204341,139,0,204480,0,204480,430919,55950,486869,486869
1975,cod,"Congo, Dem. Rep.",2006,208371,93,0,208464,1075297,1283761,401908,29211,431119,1506416
1976,cod,"Congo, Dem. Rep.",2007,177390,96,0,177486,1317879,1495365,370372,36291,406663,1724542
1977,cod,"Congo, Dem. Rep.",2008,155162,5,0,155167,1460102,1615269,367991,36277,404268,1864370
1978,cod,"Congo, Dem. Rep.",2009,185809,637,0,186446,2052677,2239123,455852,31104,486956,2539633
1979,cod,"Congo, Dem. Rep.",2010,166333,920,0,167253,1721382,1888635,476691,43082,519773,2241155
1980,cod,"Congo, Dem. Rep.",2011,152748,1131,0,153879,1709278,1863157,491470,52315,543785,2253063
1981,cod,"Congo, Dem. Rep.",2012,65106,1821,0,66927,2669069,2735996,509275,58670,567945,3237014
1982,cod,"Congo, Dem. Rep.",2013,113357,1453,0,114810,2963799,3078609,499551,65353,564904,3528703
1983,cod,"Congo, Dem. Rep.",2014,119752,1182,0,120934,2756585,2877519,516765,67339,584104,3340689
1984,cod,"Congo, Dem. Rep.",2015,383095,978,0,384073,1555112,1939185,541487,76029,617516,2172628
1985,cod,"Congo, Dem. Rep.",2016,451957,1324,0,453281,2232900,2686181,537474,82709,620183,2853083
1986,cod,"Congo, Dem. Rep.",2017,537089,807,0,537896,4351376,4889272,620805,136152,756957,5108333
1987,cod,"Congo, Dem. Rep.",2018,529065,5770,0,534835,4516866,5051701,720302,133422,853724,5370590
1988,cod,"Congo, Dem. Rep.",2019,523733,3192,0,526925,5014253,5541178,802974,145502,948476,5962729
1989,cod,"Congo, Dem. Rep.",2020,490243,1480,0,491723,5198131,5689854,840392,145372,985764,6183895
1990,cod,"Congo, Dem. Rep.",2021,524148,2218,0,526366,5407840,5934206,908401,148099,1056500,6464340
1991,cod,"Congo, Dem. Rep.",2022,520544,2147,0,522691,5541021,6063712,932680,135099,1067779,6608800
1992,cod,"Congo, Dem. Rep.",2023,520073,3449,0,523522,5969254,6492776,948417,156161,1104578,7073832
1993,cog,"Congo, Rep.",1967,0,0,0,0,0,0,930,0,930,930
1994,cog,"Congo, Rep.",1968,0,0,0,0,0,0,330,0,330,330
1995,cog,"Congo, Rep.",1969,500,0,0,500,0,500,0,0,0,0
1996,cog,"Congo, Rep.",1970,500,0,0,500,0,500,0,0,0,0
1997,cog,"Congo, Rep.",1971,0,0,0,0,0,0,0,0,0,0
1998,cog,"Congo, Rep.",1972,0,0,0,0,0,0,0,0,0,0
1999,cog,"Congo, Rep.",1973,0,0,0,0,0,0,0,0,0,0
2000,cog,"Congo, Rep.",1974,10000,0,0,10000,0,10000,0,0,0,0
2001,cog,"Congo, Rep.",1975,5000,0,0,5000,0,5000,110,0,110,110
2002,cog,"Congo, Rep.",1976,0,0,0,0,0,0,0,0,0,0
2003,cog,"Congo, Rep.",1977,0,0,0,0,0,0,0,0,0,0
2004,cog,"Congo, Rep.",1978,150,0,0,150,0,150,0,0,0,0
2005,cog,"Congo, Rep.",1979,0,0,0,0,0,0,0,0,0,0
2006,cog,"Congo, Rep.",1980,0,0,0,0,0,0,6,0,6,6
2007,cog,"Congo, Rep.",1981,0,0,0,0,0,0,6,0,6,6
2008,cog,"Congo, Rep.",1982,0,0,0,0,0,0,6,0,6,6
2009,cog,"Congo, Rep.",1983,1000,0,0,1000,0,1000,6,0,6,6
2010,cog,"Congo, Rep.",1984,1000,0,0,1000,0,1000,6,0,6,6
2011,cog,"Congo, Rep.",1985,1200,0,0,1200,0,1200,6,0,6,6
2012,cog,"Congo, Rep.",1986,1580,0,0,1580,0,1580,6,0,6,6
2013,cog,"Congo, Rep.",1987,2120,0,0,2120,0,2120,0,0,0,0
2014,cog,"Congo, Rep.",1988,2160,0,0,2160,0,2160,0,0,0,0
2015,cog,"Congo, Rep.",1989,3401,0,0,3401,0,3401,0,0,0,0
2016,cog,"Congo, Rep.",1990,2990,0,0,2990,0,2990,0,0,0,0
2017,cog,"Congo, Rep.",1991,3395,0,0,3395,0,3395,5,0,5,5
2018,cog,"Congo, Rep.",1992,3385,0,0,3385,0,3385,7,0,7,7
2019,cog,"Congo, Rep.",1993,13646,0,0,13646,0,13646,7,0,7,7
2020,cog,"Congo, Rep.",1994,15522,0,0,15522,0,15522,33,0,33,33
2021,cog,"Congo, Rep.",1995,19404,0,0,19404,0,19404,172,0,172,172
2022,cog,"Congo, Rep.",1996,20451,0,0,20451,0,20451,214,0,214,214
2023,cog,"Congo, Rep.",1997,20700,0,0,20700,0,20700,21143,0,21143,21143
2024,cog,"Congo, Rep.",1998,27176,0,0,27176,0,27176,17141,0,17141,17141
2025,cog,"Congo, Rep.",1999,39870,0,0,39870,0,39870,27297,0,27297,27297
2026,cog,"Congo, Rep.",2000,123190,875,0,124065,0,124065,27570,4142,31712,31712
2027,cog,"Congo, Rep.",2001,119146,2436,0,121582,0,121582,24237,4258,28495,28495
2028,cog,"Congo, Rep.",2002,109201,2754,0,111955,0,111955,27994,7017,35011,35011
2029,cog,"Congo, Rep.",2003,91362,3222,0,94584,0,94584,28950,6952,35902,35902
2030,cog,"Congo, Rep.",2004,68536,3230,0,71766,0,71766,28140,7141,35281,35281
2031,cog,"Congo, Rep.",2005,66075,3482,0,69557,0,69557,24428,8168,32596,32596
2032,cog,"Congo, Rep.",2006,55788,4287,0,60075,3492,63567,20599,4864,25463,28955
2033,cog,"Congo, Rep.",2007,38472,4791,0,43263,0,43263,19726,6072,25798,25798
2034,cog,"Congo, Rep.",2008,24771,3250,0,28021,0,28021,19922,5044,24966,24966
2035,cog,"Congo, Rep.",2009,111403,4915,0,116318,0,116318,20546,3199,23745,23745
2036,cog,"Congo, Rep.",2010,133099,5518,0,138617,0,138617,20682,2999,23681,23681
2037,cog,"Congo, Rep.",2011,141224,3008,0,144232,0,144232,12836,1944,14780,14780
2038,cog,"Congo, Rep.",2012,98446,3315,0,101761,0,101761,12113,2489,14602,14602
2039,cog,"Congo, Rep.",2013,51033,2644,0,53677,0,53677,11744,3273,15017,15017
2040,cog,"Congo, Rep.",2014,54842,3192,0,58034,0,58034,14498,3410,17908,17908
2041,cog,"Congo, Rep.",2015,44952,4340,0,49292,0,49292,14772,4071,18843,18843
2042,cog,"Congo, Rep.",2016,46454,6672,0,53126,15303,68429,13291,4346,17637,32940
2043,cog,"Congo, Rep.",2017,48509,7092,0,55601,107828,163429,13295,13068,26363,134191
2044,cog,"Congo, Rep.",2018,37491,9176,0,46667,138000,184667,13354,11762,25116,163116
2045,cog,"Congo, Rep.",2019,25668,14417,0,40085,134430,174515,12743,11227,23970,158400
2046,cog,"Congo, Rep.",2020,27097,13622,0,40719,134430,175149,12590,12836,25426,159856
2047,cog,"Congo, Rep.",2021,40765,13670,0,54435,134430,188865,14253,12795,27048,161478
2048,cog,"Congo, Rep.",2022,41557,18356,0,59913,26875,86788,13331,9580,22911,49786
2049,cog,"Congo, Rep.",2023,42172,19069,0,61241,0,61241,13224,11171,24395,24395
2050,cri,Costa Rica,1972,700,0,0,700,0,700,0,0,0,0
2051,cri,Costa Rica,1973,0,0,0,0,0,0,0,0,0,0
2052,cri,Costa Rica,1974,200,0,0,200,0,200,0,0,0,0
2053,cri,Costa Rica,1975,0,0,0,0,0,0,0,0,0,0
2054,cri,Costa Rica,1976,0,0,0,0,0,0,0,0,0,0
2055,cri,Costa Rica,1977,3500,0,0,3500,0,3500,0,0,0,0
2056,cri,Costa Rica,1978,133000,0,0,133000,0,133000,0,0,0,0
2057,cri,Costa Rica,1979,18610,0,0,18610,0,18610,0,0,0,0
2058,cri,Costa Rica,1980,10060,0,0,10060,0,10060,0,0,0,0
2059,cri,Costa Rica,1981,15000,0,0,15000,0,15000,0,0,0,0
2060,cri,Costa Rica,1982,16360,0,0,16360,0,16360,0,0,0,0
2061,cri,Costa Rica,1983,16910,0,0,16910,0,16910,0,0,0,0
2062,cri,Costa Rica,1984,16910,0,0,16910,0,16910,0,0,0,0
2063,cri,Costa Rica,1985,24000,0,0,24000,0,24000,0,0,0,0
2064,cri,Costa Rica,1986,31200,0,0,31200,0,31200,0,0,0,0
2065,cri,Costa Rica,1987,31600,0,0,31600,0,31600,0,0,0,0
2066,cri,Costa Rica,1988,278800,0,0,278800,0,278800,0,0,0,0
2067,cri,Costa Rica,1989,278800,0,0,278800,0,278800,0,0,0,0
2068,cri,Costa Rica,1990,276210,0,0,276210,0,276210,0,0,0,0
2069,cri,Costa Rica,1991,117492,0,0,117492,0,117492,0,0,0,0
2070,cri,Costa Rica,1992,114392,0,0,114392,0,114392,5,0,5,5
2071,cri,Costa Rica,1993,24834,0,0,24834,0,24834,5,0,5,5
2072,cri,Costa Rica,1994,24630,0,0,24630,0,24630,222,0,222,222
2073,cri,Costa Rica,1995,24226,0,0,24226,0,24226,209,0,209,209
2074,cri,Costa Rica,1996,23176,0,0,23176,0,23176,136,0,136,136
2075,cri,Costa Rica,1997,23114,0,0,23114,0,23114,86,0,86,86
2076,cri,Costa Rica,1998,22986,0,0,22986,0,22986,50,0,50,50
2077,cri,Costa Rica,1999,22903,0,0,22903,0,22903,73,0,73,73
2078,cri,Costa Rica,2000,5519,1089,0,6608,0,6608,55,226,281,281
2079,cri,Costa Rica,2001,8104,2588,0,10692,0,10692,86,671,757,757
2080,cri,Costa Rica,2002,12433,85,0,12518,0,12518,97,1730,1827,1827
2081,cri,Costa Rica,2003,13508,79,0,13587,0,13587,91,1468,1559,1559
2082,cri,Costa Rica,2004,10413,223,0,10636,0,10636,136,351,487,487
2083,cri,Costa Rica,2005,11253,223,0,11476,0,11476,176,133,309,309
2084,cri,Costa Rica,2006,11515,332,0,11847,0,11847,283,74,357,357
2085,cri,Costa Rica,2007,17176,503,0,17679,0,17679,361,61,422,422
2086,cri,Costa Rica,2008,18119,441,0,18560,0,18560,354,65,419,419
2087,cri,Costa Rica,2009,19101,575,0,19676,0,19676,344,76,420,420
2088,cri,Costa Rica,2010,19486,377,0,19863,0,19863,352,74,426,426
2089,cri,Costa Rica,2011,20044,451,0,20495,0,20495,332,39,371,371
2090,cri,Costa Rica,2012,20435,624,0,21059,0,21059,325,23,348,348
2091,cri,Costa Rica,2013,20554,593,0,21147,0,21147,463,460,923,923
2092,cri,Costa Rica,2014,20726,1751,0,22477,0,22477,414,125,539,539
2093,cri,Costa Rica,2015,3603,3259,0,6862,0,6862,374,213,587,587
2094,cri,Costa Rica,2016,4162,3626,0,7788,0,7788,202,312,514,514
2095,cri,Costa Rica,2017,4479,7428,0,11907,0,11907,195,486,681,681
2096,cri,Costa Rica,2018,4531,32595,0,37126,0,37126,207,548,755,755
2097,cri,Costa Rica,2019,6204,87154,20828,114186,0,114186,206,739,945,945
2098,cri,Costa Rica,2020,9593,89744,22401,121738,0,121738,208,800,1008,1008
2099,cri,Costa Rica,2021,10224,152507,21766,184497,0,184497,235,989,1224,1224
2100,cri,Costa Rica,2022,14088,239640,16598,270326,0,270326,275,1279,1554,1554
2101,cri,Costa Rica,2023,15611,195463,18900,229974,0,229974,227,1466,1693,1693
2102,civ,Cote d'Ivoire,1969,12000,0,0,12000,0,12000,0,0,0,0
2103,civ,Cote d'Ivoire,1970,0,0,0,0,0,0,0,0,0,0
2104,civ,Cote d'Ivoire,1971,300,0,0,300,0,300,0,0,0,0
2105,civ,Cote d'Ivoire,1972,0,0,0,0,0,0,0,0,0,0
2106,civ,Cote d'Ivoire,1973,0,0,0,0,0,0,0,0,0,0
2107,civ,Cote d'Ivoire,1974,0,0,0,0,0,0,0,0,0,0
2108,civ,Cote d'Ivoire,1975,300000,0,0,300000,0,300000,0,0,0,0
2109,civ,Cote d'Ivoire,1976,500070,0,0,500070,0,500070,0,0,0,0
2110,civ,Cote d'Ivoire,1977,0,0,0,0,0,0,0,0,0,0
2111,civ,Cote d'Ivoire,1978,0,0,0,0,0,0,0,0,0,0
2112,civ,Cote d'Ivoire,1979,0,0,0,0,0,0,0,0,0,0
2113,civ,Cote d'Ivoire,1980,0,0,0,0,0,0,0,0,0,0
2114,civ,Cote d'Ivoire,1981,0,0,0,0,0,0,0,0,0,0
2115,civ,Cote d'Ivoire,1982,0,0,0,0,0,0,0,0,0,0
2116,civ,Cote d'Ivoire,1983,450,0,0,450,0,450,0,0,0,0
2117,civ,Cote d'Ivoire,1984,650,0,0,650,0,650,0,0,0,0
2118,civ,Cote d'Ivoire,1985,810,0,0,810,0,810,0,0,0,0
2119,civ,Cote d'Ivoire,1986,880,0,0,880,0,880,0,0,0,0
2120,civ,Cote d'Ivoire,1987,800,0,0,800,0,800,0,0,0,0
2121,civ,Cote d'Ivoire,1988,800,0,0,800,0,800,0,0,0,0
2122,civ,Cote d'Ivoire,1989,480,0,0,480,0,480,0,0,0,0
2123,civ,Cote d'Ivoire,1990,272281,0,0,272281,0,272281,0,0,0,0
2124,civ,Cote d'Ivoire,1991,230290,0,0,230290,0,230290,15,0,15,15
2125,civ,Cote d'Ivoire,1992,174076,0,0,174076,0,174076,37,0,37,37
2126,civ,Cote d'Ivoire,1993,251578,0,0,251578,0,251578,41,0,41,41
2127,civ,Cote d'Ivoire,1994,360106,0,0,360106,0,360106,102,0,102,102
2128,civ,Cote d'Ivoire,1995,297908,0,0,297908,0,297908,203,0,203,203
2129,civ,Cote d'Ivoire,1996,327696,0,0,327696,0,327696,272,0,272,272
2130,civ,Cote d'Ivoire,1997,208509,0,0,208509,0,208509,355,0,355,355
2131,civ,Cote d'Ivoire,1998,151187,0,0,151187,0,151187,531,0,531,531
2132,civ,Cote d'Ivoire,1999,138433,0,0,138433,0,138433,561,0,561,561
2133,civ,Cote d'Ivoire,2000,120694,2239,0,122933,0,122933,771,678,1449,1449
2134,civ,Cote d'Ivoire,2001,126239,2321,0,128560,0,128560,856,785,1641,1641
2135,civ,Cote d'Ivoire,2002,44751,1139,0,45890,100000,145890,23731,1688,25419,125419
2136,civ,Cote d'Ivoire,2003,75967,1318,0,77285,38039,115324,33625,3294,36919,74958
2137,civ,Cote d'Ivoire,2004,72084,2102,0,74186,38039,112225,23649,4742,28391,66430
2138,civ,Cote d'Ivoire,2005,41624,2436,0,44060,38039,82099,18333,6348,24681,62720
2139,civ,Cote d'Ivoire,2006,27279,2301,0,29580,709228,738808,26304,6377,32681,741909
2140,civ,Cote d'Ivoire,2007,24640,1770,0,26410,709048,735458,22222,7416,29638,738686
2141,civ,Cote d'Ivoire,2008,24802,293,0,25095,683956,709051,22218,6459,28677,712633
2142,civ,Cote d'Ivoire,2009,24598,217,0,24815,519140,543955,23148,5262,28410,547550
2143,civ,Cote d'Ivoire,2010,26213,246,0,26459,514515,540974,41747,6014,47761,562276
2144,civ,Cote d'Ivoire,2011,24212,659,0,24871,126668,151539,154818,18197,173015,299683
2145,civ,Cote d'Ivoire,2012,3972,508,0,4480,45000,49480,100709,11192,111901,156901
2146,civ,Cote d'Ivoire,2013,2970,596,0,3566,24000,27566,85650,10985,96635,120635
2147,civ,Cote d'Ivoire,2014,1918,660,0,2578,24000,26578,71956,13404,85360,109360
2148,civ,Cote d'Ivoire,2015,1972,644,0,2616,308272,310888,71107,13752,84859,393131
2149,civ,Cote d'Ivoire,2016,1397,276,0,1673,0,1673,46811,18628,65439,65439
2150,civ,Cote d'Ivoire,2017,1559,368,0,1927,0,1927,40009,26535,66544,66544
2151,civ,Cote d'Ivoire,2018,1808,198,0,2006,0,2006,38316,22855,61171,61171
2152,civ,Cote d'Ivoire,2019,2020,151,0,2171,0,2171,39351,19881,59232,59232
2153,civ,Cote d'Ivoire,2020,2086,224,0,2310,5394,7704,37525,34216,71741,77135
2154,civ,Cote d'Ivoire,2021,4349,129,0,4478,0,4478,39940,32608,72548,72548
2155,civ,Cote d'Ivoire,2022,2251,3561,0,5812,0,5812,25148,22037,47185,47185
2156,civ,Cote d'Ivoire,2023,2293,19009,0,21302,0,21302,25264,22731,47995,47995
2157,hrv,Croatia,1992,403000,0,0,403000,0,403000,168570,0,168570,168570
2158,hrv,Croatia,1993,287000,0,0,287000,344000,631000,151689,0,151689,495689
2159,hrv,Croatia,1994,183600,0,0,183600,307000,490600,76256,0,76256,383256
2160,hrv,Croatia,1995,198647,0,0,198647,198200,396847,245572,0,245572,443772
2161,hrv,Croatia,1996,165395,0,0,165395,144147,309542,310090,0,310090,454237
2162,hrv,Croatia,1997,68863,0,0,68863,79441,148304,349307,0,349307,428748
2163,hrv,Croatia,1998,29027,0,0,29027,71704,100731,338085,0,338085,409789
2164,hrv,Croatia,1999,28374,0,0,28374,52390,80764,353721,0,353721,406111
2165,hrv,Croatia,2000,22437,17,0,22454,34134,56588,335200,368,335568,369702
2166,hrv,Croatia,2001,21875,63,0,21938,23402,45340,290283,346,290629,314031
2167,hrv,Croatia,2002,8392,49,0,8441,17100,25541,274822,516,275338,292438
2168,hrv,Croatia,2003,4385,59,0,4444,12566,17010,230193,464,230657,243223
2169,hrv,Croatia,2004,3662,26,0,3688,7540,11228,215480,355,215835,223375
2170,hrv,Croatia,2005,2927,6,0,2933,4804,7737,119154,208,119362,124166
2171,hrv,Croatia,2006,2442,8,0,2450,3975,6425,93768,217,93985,97960
2172,hrv,Croatia,2007,1641,46,0,1687,2873,4560,100429,117,100546,103419
2173,hrv,Croatia,2008,1591,52,0,1643,2497,4140,97016,129,97145,99642
2174,hrv,Croatia,2009,1240,26,0,1266,2285,3551,76479,132,76611,78896
2175,hrv,Croatia,2010,933,64,0,997,2125,3122,65863,345,66208,68333
2176,hrv,Croatia,2011,818,219,0,1037,0,1037,62653,743,63396,63396
2177,hrv,Croatia,2012,722,329,0,1051,0,1051,62606,1293,63899,63899
2178,hrv,Croatia,2013,679,189,0,868,0,868,49755,980,50735,50735
2179,hrv,Croatia,2014,724,87,0,811,0,811,40121,111,40232,40232
2180,hrv,Croatia,2015,517,30,0,547,0,547,33452,89,33541,33541
2181,hrv,Croatia,2016,300,529,0,829,0,829,26231,343,26574,26574
2182,hrv,Croatia,2017,508,406,0,914,0,914,24869,268,25137,25137
2183,hrv,Croatia,2018,787,198,0,985,0,985,24105,79,24184,24184
2184,hrv,Croatia,2019,916,454,0,1370,0,1370,23793,65,23858,23858
2185,hrv,Croatia,2020,956,567,0,1523,0,1523,23451,58,23509,23509
2186,hrv,Croatia,2021,1020,562,0,1582,0,1582,18083,51,18134,18134
2187,hrv,Croatia,2022,20638,1200,0,21838,0,21838,17698,74,17772,17772
2188,hrv,Croatia,2023,23789,1273,0,25062,0,25062,17587,113,17700,17700
2189,cub,Cuba,1969,0,0,0,0,0,0,14500,0,14500,14500
2190,cub,Cuba,1970,0,0,0,0,0,0,16700,0,16700,16700
2191,cub,Cuba,1971,0,0,0,0,0,0,54500,0,54500,54500
2192,cub,Cuba,1972,0,0,0,0,0,0,17070,0,17070,17070
2193,cub,Cuba,1973,0,0,0,0,0,0,0,0,0,0
2194,cub,Cuba,1974,1300,0,0,1300,0,1300,1600,0,1600,1600
2195,cub,Cuba,1975,0,0,0,0,0,0,0,0,0,0
2196,cub,Cuba,1976,0,0,0,0,0,0,0,0,0,0
2197,cub,Cuba,1977,2600,0,0,2600,0,2600,0,0,0,0
2198,cub,Cuba,1978,4000,0,0,4000,0,4000,0,0,0,0
2199,cub,Cuba,1979,3060,0,0,3060,0,3060,3560,0,3560,3560
2200,cub,Cuba,1980,2970,0,0,2970,0,2970,1695,0,1695,1695
2201,cub,Cuba,1981,2000,0,0,2000,0,2000,2705,0,2705,2705
2202,cub,Cuba,1982,2000,0,0,2000,0,2000,655,0,655,655
2203,cub,Cuba,1983,2000,0,0,2000,0,2000,925,0,925,925
2204,cub,Cuba,1984,2000,0,0,2000,0,2000,1356,0,1356,1356
2205,cub,Cuba,1985,2000,0,0,2000,0,2000,1876,0,1876,1876
2206,cub,Cuba,1986,2000,0,0,2000,0,2000,686,0,686,686
2207,cub,Cuba,1987,2000,0,0,2000,0,2000,836,0,836,836
2208,cub,Cuba,1988,2000,0,0,2000,0,2000,3874,0,3874,3874
2209,cub,Cuba,1989,3990,0,0,3990,0,3990,7680,0,7680,7680
2210,cub,Cuba,1990,3988,0,0,3988,0,3988,13520,0,13520,13520
2211,cub,Cuba,1991,0,0,0,0,0,0,17614,0,17614,17614
2212,cub,Cuba,1992,5092,0,0,5092,0,5092,21273,0,21273,21273
2213,cub,Cuba,1993,3611,0,0,3611,0,3611,22409,0,22409,22409
2214,cub,Cuba,1994,1993,0,0,1993,0,1993,23320,0,23320,23320
2215,cub,Cuba,1995,1831,0,0,1831,0,1831,24857,0,24857,24857
2216,cub,Cuba,1996,1700,0,0,1700,0,1700,25462,0,25462,25462
2217,cub,Cuba,1997,1274,0,0,1274,0,1274,24911,0,24911,24911
2218,cub,Cuba,1998,1065,0,0,1065,0,1065,23559,0,23559,23559
2219,cub,Cuba,1999,956,0,0,956,0,956,23322,0,23322,23322
2220,cub,Cuba,2000,951,12,0,963,0,963,20077,3464,23541,23541
2221,cub,Cuba,2001,1033,12,0,1045,0,1045,18950,3526,22476,22476
2222,cub,Cuba,2002,1001,0,0,1001,0,1001,18035,2678,20713,20713
2223,cub,Cuba,2003,833,5,0,838,0,838,16084,2214,18298,18298
2224,cub,Cuba,2004,791,0,0,791,0,791,15671,1985,17656,17656
2225,cub,Cuba,2005,697,26,0,723,0,723,19003,1671,20674,20674
2226,cub,Cuba,2006,656,20,0,676,0,676,33580,1321,34901,34901
2227,cub,Cuba,2007,617,9,0,626,0,626,7496,1065,8561,8561
2228,cub,Cuba,2008,523,6,0,529,0,529,7928,867,8795,8795
2229,cub,Cuba,2009,445,0,0,445,0,445,7537,2213,9750,9750
2230,cub,Cuba,2010,406,11,0,417,0,417,7460,4380,11840,11840
2231,cub,Cuba,2011,381,0,0,381,0,381,7845,908,8753,8753
2232,cub,Cuba,2012,366,5,0,371,0,371,7722,823,8545,8545
2233,cub,Cuba,2013,377,0,0,377,0,377,7453,1120,8573,8573
2234,cub,Cuba,2014,276,6,0,282,0,282,7497,1815,9312,9312
2235,cub,Cuba,2015,300,23,0,323,0,323,6827,2353,9180,9180
2236,cub,Cuba,2016,312,28,0,340,0,340,5940,5025,10965,10965
2237,cub,Cuba,2017,343,15,0,358,0,358,5331,13258,18589,18589
2238,cub,Cuba,2018,287,24,0,311,0,311,5488,26597,32085,32085
2239,cub,Cuba,2019,233,32,0,265,0,265,6625,55944,62569,62569
2240,cub,Cuba,2020,222,10,0,232,0,232,8912,62234,71146,71146
2241,cub,Cuba,2021,199,14,0,213,0,213,11534,71590,83124,83124
2242,cub,Cuba,2022,174,8,0,182,0,182,14676,240994,255670,255670
2243,cub,Cuba,2023,157,22,0,179,0,179,15981,319170,335151,335151
2244,cyp,Cyprus,1968,200,0,0,200,0,200,0,0,0,0
2245,cyp,Cyprus,1969,200,0,0,200,0,200,0,0,0,0
2246,cyp,Cyprus,1970,200,0,0,200,0,200,0,0,0,0
2247,cyp,Cyprus,1971,200,0,0,200,0,200,0,0,0,0
2248,cyp,Cyprus,1972,200,0,0,200,0,200,0,0,0,0
2249,cyp,Cyprus,1973,0,0,0,0,0,0,0,0,0,0
2250,cyp,Cyprus,1974,0,0,0,0,0,0,0,0,0,0
2251,cyp,Cyprus,1975,0,0,0,0,0,0,0,0,0,0
2252,cyp,Cyprus,1976,0,0,0,0,0,0,0,0,0,0
2253,cyp,Cyprus,1977,700,0,0,700,0,700,700,0,700,700
2254,cyp,Cyprus,1978,0,0,0,0,0,0,0,0,0,0
2255,cyp,Cyprus,1979,0,0,0,0,0,0,0,0,0,0
2256,cyp,Cyprus,1980,0,0,0,0,0,0,0,0,0,0
2257,cyp,Cyprus,1981,0,0,0,0,0,0,0,0,0,0
2258,cyp,Cyprus,1982,0,0,0,0,0,0,0,0,0,0
2259,cyp,Cyprus,1983,0,0,0,0,0,0,0,0,0,0
2260,cyp,Cyprus,1984,0,0,0,0,0,0,0,0,0,0
2261,cyp,Cyprus,1985,0,0,0,0,0,0,0,0,0,0
2262,cyp,Cyprus,1986,0,0,0,0,0,0,0,0,0,0
2263,cyp,Cyprus,1987,0,0,0,0,0,0,0,0,0,0
2264,cyp,Cyprus,1988,60,0,0,60,0,60,11,0,11,11
2265,cyp,Cyprus,1989,0,0,0,0,0,0,11,0,11,11
2266,cyp,Cyprus,1990,31,0,0,31,0,31,11,0,11,11
2267,cyp,Cyprus,1991,61,0,0,61,0,61,0,0,0,0
2268,cyp,Cyprus,1992,80,0,0,80,0,80,0,0,0,0
2269,cyp,Cyprus,1993,81,0,0,81,265000,265081,0,0,0,265000
2270,cyp,Cyprus,1994,67,0,0,67,265000,265067,6,0,6,265006
2271,cyp,Cyprus,1995,53,0,0,53,265000,265053,9,0,9,265009
2272,cyp,Cyprus,1996,45,0,0,45,265000,265045,9,0,9,265009
2273,cyp,Cyprus,1997,38,0,0,38,265000,265038,7,0,7,265007
2274,cyp,Cyprus,1998,77,0,0,77,265000,265077,10,0,10,265010
2275,cyp,Cyprus,1999,112,0,0,112,0,112,17,0,17,17
2276,cyp,Cyprus,2000,73,488,0,561,0,561,12,10,22,22
2277,cyp,Cyprus,2001,84,1855,0,1939,0,1939,5,8,13,13
2278,cyp,Cyprus,2002,171,2026,0,2197,0,2197,5,15,20,20
2279,cyp,Cyprus,2003,339,5065,0,5404,0,5404,5,5,10,10
2280,cyp,Cyprus,2004,525,9995,0,10520,0,10520,0,0,0,0
2281,cyp,Cyprus,2005,700,13054,0,13754,0,13754,5,0,5,5
2282,cyp,Cyprus,2006,926,12491,0,13417,0,13417,5,0,5,5
2283,cyp,Cyprus,2007,1194,11879,0,13073,0,13073,10,0,10,10
2284,cyp,Cyprus,2008,1458,8003,0,9461,0,9461,10,0,10,10
2285,cyp,Cyprus,2009,2888,5003,0,7891,0,7891,10,0,10,10
2286,cyp,Cyprus,2010,3397,5385,0,8782,0,8782,10,0,10,10
2287,cyp,Cyprus,2011,3498,3042,0,6540,0,6540,10,0,10,10
2288,cyp,Cyprus,2012,3627,2624,0,6251,0,6251,10,0,10,10
2289,cyp,Cyprus,2013,3879,2629,0,6508,0,6508,10,0,10,10
2290,cyp,Cyprus,2014,5120,2436,0,7556,0,7556,10,0,10,10
2291,cyp,Cyprus,2015,7062,2210,0,9272,0,9272,0,5,5,5
2292,cyp,Cyprus,2016,8478,3049,0,11527,0,11527,0,5,5,5
2293,cyp,Cyprus,2017,9790,5216,0,15006,0,15006,0,20,20,20
2294,cyp,Cyprus,2018,11002,10267,0,21269,0,21269,7,20,27,27
2295,cyp,Cyprus,2019,12311,18799,0,31110,0,31110,0,35,35,35
2296,cyp,Cyprus,2020,13997,20483,0,34480,0,34480,0,19,19,19
2297,cyp,Cyprus,2021,16277,25336,0,41613,0,41613,5,15,20,20
2298,cyp,Cyprus,2022,29280,36497,0,65777,0,65777,0,31,31,31
2299,cyp,Cyprus,2023,33872,34268,0,68140,0,68140,0,28,28,28
2300,cze,Czech Republic,1970,0,0,0,0,0,0,70,0,70,70
2301,cze,Czech Republic,1971,0,0,0,0,0,0,70,0,70,70
2302,cze,Czech Republic,1972,0,0,0,0,0,0,70,0,70,70
2303,cze,Czech Republic,1973,0,0,0,0,0,0,60,0,60,60
2304,cze,Czech Republic,1974,0,0,0,0,0,0,50,0,50,50
2305,cze,Czech Republic,1975,0,0,0,0,0,0,50,0,50,50
2306,cze,Czech Republic,1976,0,0,0,0,0,0,0,0,0,0
2307,cze,Czech Republic,1977,0,0,0,0,0,0,0,0,0,0
2308,cze,Czech Republic,1978,0,0,0,0,0,0,0,0,0,0
2309,cze,Czech Republic,1979,0,0,0,0,0,0,0,0,0,0
2310,cze,Czech Republic,1980,0,0,0,0,0,0,393,0,393,393
2311,cze,Czech Republic,1981,0,0,0,0,0,0,389,0,389,389
2312,cze,Czech Republic,1982,0,0,0,0,0,0,494,0,494,494
2313,cze,Czech Republic,1983,0,0,0,0,0,0,421,0,421,421
2314,cze,Czech Republic,1984,0,0,0,0,0,0,456,0,456,456
2315,cze,Czech Republic,1985,0,0,0,0,0,0,981,0,981,981
2316,cze,Czech Republic,1986,0,0,0,0,0,0,411,0,411,411
2317,cze,Czech Republic,1987,0,0,0,0,0,0,385,0,385,385
2318,cze,Czech Republic,1988,0,0,0,0,0,0,5649,0,5649,5649
2319,cze,Czech Republic,1989,0,0,0,0,0,0,5790,0,5790,5790
2320,cze,Czech Republic,1990,0,0,0,0,0,0,6123,0,6123,6123
2321,cze,Czech Republic,1991,691,0,0,691,0,691,4491,0,4491,4491
2322,cze,Czech Republic,1992,9399,0,0,9399,0,9399,3327,0,3327,3327
2323,cze,Czech Republic,1993,188,0,0,188,0,188,5017,0,5017,5017
2324,cze,Czech Republic,1994,1186,0,0,1186,0,1186,4650,0,4650,4650
2325,cze,Czech Republic,1995,2655,0,0,2655,0,2655,2040,0,2040,2040
2326,cze,Czech Republic,1996,2266,0,0,2266,0,2266,977,0,977,977
2327,cze,Czech Republic,1997,1731,0,0,1731,0,1731,695,0,695,695
2328,cze,Czech Republic,1998,1805,0,0,1805,0,1805,1929,0,1929,1929
2329,cze,Czech Republic,1999,1232,0,0,1232,0,1232,1243,0,1243,1243
2330,cze,Czech Republic,2000,1186,5015,0,6201,0,6201,809,176,985,985
2331,cze,Czech Republic,2001,1217,11586,0,12803,0,12803,1177,211,1388,1388
2332,cze,Czech Republic,2002,1296,7645,0,8941,0,8941,6985,184,7169,7169
2333,cze,Czech Republic,2003,1516,3737,0,5253,0,5253,6699,344,7043,7043
2334,cze,Czech Republic,2004,1624,1113,0,2737,0,2737,4528,167,4695,4695
2335,cze,Czech Republic,2005,1803,923,0,2726,0,2726,3589,203,3792,3792
2336,cze,Czech Republic,2006,1886,2874,0,4760,0,4760,2136,181,2317,2317
2337,cze,Czech Republic,2007,2015,2180,0,4195,0,4195,1379,133,1512,1512
2338,cze,Czech Republic,2008,2095,1422,0,3517,0,3517,1354,783,2137,2137
2339,cze,Czech Republic,2009,2299,1235,0,3534,0,3534,1060,2100,3160,3160
2340,cze,Czech Republic,2010,2424,1031,0,3455,0,3455,811,1152,1963,1963
2341,cze,Czech Republic,2011,2424,909,0,3333,0,3333,758,656,1414,1414
2342,cze,Czech Republic,2012,2780,566,0,3346,0,3346,620,194,814,814
2343,cze,Czech Republic,2013,2966,292,0,3258,0,3258,984,111,1095,1095
2344,cze,Czech Republic,2014,3129,459,0,3588,0,3588,1321,97,1418,1418
2345,cze,Czech Republic,2015,3640,654,0,4294,0,4294,1280,119,1399,1399
2346,cze,Czech Republic,2016,3640,769,0,4409,0,4409,1266,233,1499,1499
2347,cze,Czech Republic,2017,3640,799,0,4439,0,4439,1272,307,1579,1579
2348,cze,Czech Republic,2018,2186,1910,0,4096,0,4096,1236,224,1460,1460
2349,cze,Czech Republic,2019,2054,1632,0,3686,0,3686,1166,181,1347,1347
2350,cze,Czech Republic,2020,1919,1537,0,3456,0,3456,1112,158,1270,1270
2351,cze,Czech Republic,2021,1909,1073,0,2982,0,2982,758,161,919,919
2352,cze,Czech Republic,2022,435212,986,0,436198,0,436198,604,228,832,832
2353,cze,Czech Republic,2023,351338,1046,0,352384,0,352384,608,222,830,830
2354,dnk,Denmark,1951,2000,0,0,2000,0,2000,0,0,0,0
2355,dnk,Denmark,1952,1800,0,0,1800,0,1800,0,0,0,0
2356,dnk,Denmark,1953,1600,0,0,1600,0,1600,0,0,0,0
2357,dnk,Denmark,1954,1400,0,0,1400,0,1400,0,0,0,0
2358,dnk,Denmark,1955,1300,0,0,1300,0,1300,0,0,0,0
2359,dnk,Denmark,1956,2500,0,0,2500,0,2500,0,0,0,0
2360,dnk,Denmark,1957,2500,0,0,2500,0,2500,0,0,0,0
2361,dnk,Denmark,1958,2500,0,0,2500,0,2500,0,0,0,0
2362,dnk,Denmark,1959,2400,0,0,2400,0,2400,0,0,0,0
2363,dnk,Denmark,1960,2300,0,0,2300,0,2300,0,0,0,0
2364,dnk,Denmark,1961,2200,0,0,2200,0,2200,0,0,0,0
2365,dnk,Denmark,1962,2200,0,0,2200,0,2200,0,0,0,0
2366,dnk,Denmark,1963,2200,0,0,2200,0,2200,0,0,0,0
2367,dnk,Denmark,1964,0,0,0,0,0,0,0,0,0,0
2368,dnk,Denmark,1965,0,0,0,0,0,0,0,0,0,0
2369,dnk,Denmark,1966,0,0,0,0,0,0,0,0,0,0
2370,dnk,Denmark,1967,0,0,0,0,0,0,0,0,0,0
2371,dnk,Denmark,1968,0,0,0,0,0,0,0,0,0,0
2372,dnk,Denmark,1969,0,0,0,0,0,0,0,0,0,0
2373,dnk,Denmark,1970,2000,0,0,2000,0,2000,0,0,0,0
2374,dnk,Denmark,1971,4400,0,0,4400,0,4400,0,0,0,0
2375,dnk,Denmark,1972,3687,0,0,3687,0,3687,0,0,0,0
2376,dnk,Denmark,1973,3687,0,0,3687,0,3687,0,0,0,0
2377,dnk,Denmark,1974,2900,0,0,2900,0,2900,0,0,0,0
2378,dnk,Denmark,1975,2125,0,0,2125,0,2125,0,0,0,0
2379,dnk,Denmark,1976,2100,0,0,2100,0,2100,0,0,0,0
2380,dnk,Denmark,1977,1764,0,0,1764,0,1764,0,0,0,0
2381,dnk,Denmark,1978,1800,0,0,1800,0,1800,0,0,0,0
2382,dnk,Denmark,1979,1800,0,0,1800,0,1800,0,0,0,0
2383,dnk,Denmark,1980,1800,0,0,1800,0,1800,0,0,0,0
2384,dnk,Denmark,1981,1800,0,0,1800,0,1800,0,0,0,0
2385,dnk,Denmark,1982,1800,0,0,1800,0,1800,0,0,0,0
2386,dnk,Denmark,1983,3600,0,0,3600,0,3600,0,0,0,0
2387,dnk,Denmark,1984,8500,0,0,8500,0,8500,0,0,0,0
2388,dnk,Denmark,1985,8500,0,0,8500,0,8500,0,0,0,0
2389,dnk,Denmark,1986,23000,0,0,23000,0,23000,0,0,0,0
2390,dnk,Denmark,1987,30000,0,0,30000,0,30000,0,0,0,0
2391,dnk,Denmark,1988,27310,0,0,27310,0,27310,0,0,0,0
2392,dnk,Denmark,1989,30726,0,0,30726,0,30726,0,0,0,0
2393,dnk,Denmark,1990,32887,0,0,32887,0,32887,0,0,0,0
2394,dnk,Denmark,1991,36100,0,0,36100,0,36100,0,0,0,0
2395,dnk,Denmark,1992,39124,0,0,39124,0,39124,0,0,0,0
2396,dnk,Denmark,1993,44570,0,0,44570,0,44570,0,0,0,0
2397,dnk,Denmark,1994,49564,0,0,49564,0,49564,11,0,11,11
2398,dnk,Denmark,1995,64850,0,0,64850,0,64850,18,0,18,18
2399,dnk,Denmark,1996,66371,0,0,66371,0,66371,34,0,34,34
2400,dnk,Denmark,1997,68106,0,0,68106,0,68106,33,0,33,33
2401,dnk,Denmark,1998,68996,0,0,68996,0,68996,28,0,28,28
2402,dnk,Denmark,1999,68982,0,0,68982,0,68982,25,0,25,25
2403,dnk,Denmark,2000,71017,6126,0,77143,0,77143,26,5,31,31
2404,dnk,Denmark,2001,73284,5569,0,78853,0,78853,5,0,5,5
2405,dnk,Denmark,2002,73600,4597,0,78197,0,78197,6,6,12,12
2406,dnk,Denmark,2003,69855,2015,0,71870,0,71870,10,5,15,15
2407,dnk,Denmark,2004,65305,820,0,66125,0,66125,10,5,15,15
2408,dnk,Denmark,2005,44362,500,0,44862,0,44862,10,5,15,15
2409,dnk,Denmark,2006,36650,436,0,37086,0,37086,10,5,15,15
2410,dnk,Denmark,2007,26779,537,0,27316,0,27316,15,0,15,15
2411,dnk,Denmark,2008,23385,485,0,23870,0,23870,10,6,16,16
2412,dnk,Denmark,2009,20340,1146,0,21486,0,21486,10,0,10,10
2413,dnk,Denmark,2010,17907,3334,0,21241,0,21241,6,0,6,6
2414,dnk,Denmark,2011,13386,1415,0,14801,0,14801,6,0,6,6
2415,dnk,Denmark,2012,11797,1539,0,13336,0,13336,6,0,6,6
2416,dnk,Denmark,2013,13153,1605,0,14758,0,14758,6,5,11,11
2417,dnk,Denmark,2014,17767,4268,0,22035,0,22035,11,10,21,21
2418,dnk,Denmark,2015,27312,2931,0,30243,0,30243,11,15,26,26
2419,dnk,Denmark,2016,33501,7001,0,40502,0,40502,0,5,5,5
2420,dnk,Denmark,2017,35668,4229,0,39897,0,39897,0,21,21,21
2421,dnk,Denmark,2018,36623,2675,0,39298,0,39298,0,35,35,35
2422,dnk,Denmark,2019,37533,1422,0,38955,0,38955,5,37,42,42
2423,dnk,Denmark,2020,36643,1331,0,37974,0,37974,5,17,22,22
2424,dnk,Denmark,2021,36023,1519,0,37542,0,37542,8,25,33,33
2425,dnk,Denmark,2022,67772,2776,0,70548,0,70548,0,35,35,35
2426,dnk,Denmark,2023,69337,2563,0,71900,0,71900,0,28,28,28
2427,dji,Djibouti,1977,8000,0,0,8000,0,8000,0,0,0,0
2428,dji,Djibouti,1978,20000,0,0,20000,0,20000,0,0,0,0
2429,dji,Djibouti,1979,28800,0,0,28800,0,28800,0,0,0,0
2430,dji,Djibouti,1980,45310,0,0,45310,0,45310,0,0,0,0
2431,dji,Djibouti,1981,31800,0,0,31800,0,31800,0,0,0,0
2432,dji,Djibouti,1982,34200,0,0,34200,0,34200,0,0,0,0
2433,dji,Djibouti,1983,29170,0,0,29170,0,29170,0,0,0,0
2434,dji,Djibouti,1984,16770,0,0,16770,0,16770,0,0,0,0
2435,dji,Djibouti,1985,17280,0,0,17280,0,17280,0,0,0,0
2436,dji,Djibouti,1986,16720,0,0,16720,0,16720,0,0,0,0
2437,dji,Djibouti,1987,13140,0,0,13140,0,13140,0,0,0,0
2438,dji,Djibouti,1988,1272,0,0,1272,0,1272,0,0,0,0
2439,dji,Djibouti,1989,31409,0,0,31409,0,31409,0,0,0,0
2440,dji,Djibouti,1990,77606,0,0,77606,0,77606,5,0,5,5
2441,dji,Djibouti,1991,96144,0,0,96144,0,96144,10,0,10,10
2442,dji,Djibouti,1992,28000,0,0,28000,0,28000,10,0,10,10
2443,dji,Djibouti,1993,34065,0,0,34065,0,34065,36,0,36,36
2444,dji,Djibouti,1994,33410,0,0,33410,0,33410,18065,0,18065,18065
2445,dji,Djibouti,1995,27310,0,0,27310,0,27310,18092,0,18092,18092
2446,dji,Djibouti,1996,25080,0,0,25080,0,25080,18096,0,18096,18096
2447,dji,Djibouti,1997,23589,0,0,23589,0,23589,8143,0,8143,8143
2448,dji,Djibouti,1998,23577,0,0,23577,0,23577,3222,0,3222,3222
2449,dji,Djibouti,1999,23266,0,0,23266,0,23266,1879,0,1879,1879
2450,dji,Djibouti,2000,23238,407,0,23645,0,23645,1911,142,2053,2053
2451,dji,Djibouti,2001,23172,464,0,23636,0,23636,451,181,632,632
2452,dji,Djibouti,2002,21702,455,0,22157,0,22157,470,112,582,582
2453,dji,Djibouti,2003,27034,1651,0,28685,0,28685,520,70,590,590
2454,dji,Djibouti,2004,18033,0,0,18033,0,18033,492,36,528,528
2455,dji,Djibouti,2005,10455,17,0,10472,0,10472,498,215,713,713
2456,dji,Djibouti,2006,9257,14,0,9271,0,9271,479,106,585,585
2457,dji,Djibouti,2007,6653,484,0,7137,0,7137,645,27,672,672
2458,dji,Djibouti,2008,9228,426,0,9654,0,9654,638,55,693,693
2459,dji,Djibouti,2009,12106,912,0,13018,0,13018,613,159,772,772
2460,dji,Djibouti,2010,15102,727,0,15829,0,15829,556,226,782,782
2461,dji,Djibouti,2011,20336,1904,0,22240,0,22240,595,275,870,870
2462,dji,Djibouti,2012,19136,3093,0,22229,0,22229,626,299,925,925
2463,dji,Djibouti,2013,20010,3792,0,23802,0,23802,747,391,1138,1138
2464,dji,Djibouti,2014,20525,3832,0,24357,0,24357,870,414,1284,1284
2465,dji,Djibouti,2015,19369,2639,0,22008,0,22008,1059,542,1601,1601
2466,dji,Djibouti,2016,17683,8058,0,25741,0,25741,1437,831,2268,2268
2467,dji,Djibouti,2017,17553,9357,0,26910,0,26910,1761,1286,3047,3047
2468,dji,Djibouti,2018,18293,10479,0,28772,0,28772,2124,1100,3224,3224
2469,dji,Djibouti,2019,19639,11153,0,30792,0,30792,2351,834,3185,3185
2470,dji,Djibouti,2020,21193,10811,0,32004,0,32004,2419,883,3302,3302
2471,dji,Djibouti,2021,23232,11463,0,34695,0,34695,2607,994,3601,3601
2472,dji,Djibouti,2022,20383,9174,0,29557,0,29557,1706,1187,2893,2893
2473,dji,Djibouti,2023,21612,8915,0,30527,0,30527,1787,1224,3011,3011
2474,dma,Dominica,2000,0,0,0,0,0,0,0,16,16,16
2475,dma,Dominica,2001,0,0,0,0,0,0,5,23,28,28
2476,dma,Dominica,2002,0,0,0,0,0,0,6,47,53,53
2477,dma,Dominica,2003,0,0,0,0,0,0,17,24,41,41
2478,dma,Dominica,2004,0,0,0,0,0,0,24,17,41,41
2479,dma,Dominica,2005,0,0,0,0,0,0,30,46,76,76
2480,dma,Dominica,2006,0,0,0,0,0,0,49,17,66,66
2481,dma,Dominica,2007,0,0,0,0,0,0,58,8,66,66
2482,dma,Dominica,2008,0,0,0,0,0,0,56,19,75,75
2483,dma,Dominica,2009,0,0,0,0,0,0,51,18,69,69
2484,dma,Dominica,2010,0,0,0,0,0,0,51,16,67,67
2485,dma,Dominica,2011,0,0,0,0,0,0,49,11,60,60
2486,dma,Dominica,2012,0,0,0,0,0,0,52,12,64,64
2487,dma,Dominica,2013,0,0,0,0,0,0,41,20,61,61
2488,dma,Dominica,2014,0,0,0,0,0,0,35,13,48,48
2489,dma,Dominica,2015,0,0,0,0,0,0,35,89,124,124
2490,dma,Dominica,2016,0,0,0,0,0,0,20,126,146,146
2491,dma,Dominica,2017,0,0,0,0,0,0,26,63,89,89
2492,dma,Dominica,2018,0,0,0,0,0,0,36,56,92,92
2493,dma,Dominica,2019,0,0,0,0,0,0,50,82,132,132
2494,dma,Dominica,2020,0,0,0,0,0,0,55,74,129,129
2495,dma,Dominica,2021,0,0,0,0,0,0,54,124,178,178
2496,dma,Dominica,2022,0,0,0,0,0,0,57,162,219,219
2497,dma,Dominica,2023,0,0,0,0,0,0,63,267,330,330
2498,dom,Dominican Republic,1970,1000,0,0,1000,0,1000,0,0,0,0
2499,dom,Dominican Republic,1971,1000,0,0,1000,0,1000,0,0,0,0
2500,dom,Dominican Republic,1972,1100,0,0,1100,0,1100,0,0,0,0
2501,dom,Dominican Republic,1973,0,0,0,0,0,0,0,0,0,0
2502,dom,Dominican Republic,1974,1000,0,0,1000,0,1000,0,0,0,0
2503,dom,Dominican Republic,1975,0,0,0,0,0,0,0,0,0,0
2504,dom,Dominican Republic,1976,0,0,0,0,0,0,0,0,0,0
2505,dom,Dominican Republic,1977,500,0,0,500,0,500,0,0,0,0
2506,dom,Dominican Republic,1978,300,0,0,300,0,300,50,0,50,50
2507,dom,Dominican Republic,1979,3300,0,0,3300,0,3300,0,0,0,0
2508,dom,Dominican Republic,1980,3800,0,0,3800,0,3800,0,0,0,0
2509,dom,Dominican Republic,1981,5000,0,0,5000,0,5000,0,0,0,0
2510,dom,Dominican Republic,1982,5000,0,0,5000,0,5000,0,0,0,0
2511,dom,Dominican Republic,1983,5000,0,0,5000,0,5000,0,0,0,0
2512,dom,Dominican Republic,1984,5130,0,0,5130,0,5130,0,0,0,0
2513,dom,Dominican Republic,1985,6000,0,0,6000,0,6000,0,0,0,0
2514,dom,Dominican Republic,1986,4980,0,0,4980,0,4980,0,0,0,0
2515,dom,Dominican Republic,1987,5000,0,0,5000,0,5000,0,0,0,0
2516,dom,Dominican Republic,1988,4686,0,0,4686,0,4686,0,0,0,0
2517,dom,Dominican Republic,1989,3320,0,0,3320,0,3320,0,0,0,0
2518,dom,Dominican Republic,1990,1966,0,0,1966,0,1966,0,0,0,0
2519,dom,Dominican Republic,1991,1571,0,0,1571,0,1571,0,0,0,0
2520,dom,Dominican Republic,1992,510,0,0,510,0,510,0,0,0,0
2521,dom,Dominican Republic,1993,1330,0,0,1330,0,1330,0,0,0,0
2522,dom,Dominican Republic,1994,1252,0,0,1252,0,1252,30,0,30,30
2523,dom,Dominican Republic,1995,982,0,0,982,0,982,30,0,30,30
2524,dom,Dominican Republic,1996,637,0,0,637,0,637,29,0,29,29
2525,dom,Dominican Republic,1997,638,0,0,638,0,638,50,0,50,50
2526,dom,Dominican Republic,1998,614,0,0,614,0,614,42,0,42,42
2527,dom,Dominican Republic,1999,621,0,0,621,0,621,45,0,45,45
2528,dom,Dominican Republic,2000,506,24,0,530,0,530,48,50,98,98
2529,dom,Dominican Republic,2001,0,0,0,0,0,0,45,124,169,169
2530,dom,Dominican Republic,2002,0,0,0,0,0,0,82,145,227,227
2531,dom,Dominican Republic,2003,0,0,0,0,0,0,89,123,212,212
2532,dom,Dominican Republic,2004,0,0,0,0,0,0,93,146,239,239
2533,dom,Dominican Republic,2005,0,0,0,0,0,0,62,77,139,139
2534,dom,Dominican Republic,2006,0,0,0,0,0,0,141,123,264,264
2535,dom,Dominican Republic,2007,0,0,0,0,0,0,352,131,483,483
2536,dom,Dominican Republic,2008,0,0,0,0,0,0,313,267,580,580
2537,dom,Dominican Republic,2009,0,0,0,0,0,0,222,401,623,623
2538,dom,Dominican Republic,2010,600,1756,0,2356,0,2356,238,386,624,624
2539,dom,Dominican Republic,2011,595,1783,0,2378,0,2378,239,347,586,586
2540,dom,Dominican Republic,2012,757,764,0,1521,0,1521,280,355,635,635
2541,dom,Dominican Republic,2013,721,822,0,1543,0,1543,298,840,1138,1138
2542,dom,Dominican Republic,2014,608,743,0,1351,0,1351,348,1139,1487,1487
2543,dom,Dominican Republic,2015,615,750,0,1365,0,1365,382,1709,2091,2091
2544,dom,Dominican Republic,2016,593,787,0,1380,0,1380,359,2354,2713,2713
2545,dom,Dominican Republic,2017,594,850,0,1444,0,1444,427,3159,3586,3586
2546,dom,Dominican Republic,2018,164,327,26428,26919,0,26919,472,3406,3878,3878
2547,dom,Dominican Republic,2019,164,561,33816,34541,0,34541,546,4038,4584,4584
2548,dom,Dominican Republic,2020,162,625,114050,114837,0,114837,550,4244,4794,4794
2549,dom,Dominican Republic,2021,162,642,116000,116804,0,116804,635,4642,5277,5277
2550,dom,Dominican Republic,2022,546,2175,113722,116443,0,116443,719,6996,7715,7715
2551,dom,Dominican Republic,2023,665,2543,114805,118013,0,118013,804,7563,8367,8367
2552,ecu,Ecuador,1972,200,0,0,200,0,200,0,0,0,0
2553,ecu,Ecuador,1973,0,0,0,0,0,0,0,0,0,0
2554,ecu,Ecuador,1974,200,0,0,200,0,200,0,0,0,0
2555,ecu,Ecuador,1975,0,0,0,0,0,0,0,0,0,0
2556,ecu,Ecuador,1976,0,0,0,0,0,0,0,0,0,0
2557,ecu,Ecuador,1977,200,0,0,200,0,200,0,0,0,0
2558,ecu,Ecuador,1978,0,0,0,0,0,0,0,0,0,0
2559,ecu,Ecuador,1979,600,0,0,600,0,600,0,0,0,0
2560,ecu,Ecuador,1980,700,0,0,700,0,700,0,0,0,0
2561,ecu,Ecuador,1981,640,0,0,640,0,640,0,0,0,0
2562,ecu,Ecuador,1982,680,0,0,680,0,680,0,0,0,0
2563,ecu,Ecuador,1983,770,0,0,770,0,770,0,0,0,0
2564,ecu,Ecuador,1984,870,0,0,870,0,870,0,0,0,0
2565,ecu,Ecuador,1985,890,0,0,890,0,890,0,0,0,0
2566,ecu,Ecuador,1986,800,0,0,800,0,800,0,0,0,0
2567,ecu,Ecuador,1987,710,0,0,710,0,710,0,0,0,0
2568,ecu,Ecuador,1988,755,0,0,755,0,755,0,0,0,0
2569,ecu,Ecuador,1989,757,0,0,757,0,757,0,0,0,0
2570,ecu,Ecuador,1990,510,0,0,510,0,510,5,0,5,5
2571,ecu,Ecuador,1991,280,0,0,280,0,280,27,0,27,27
2572,ecu,Ecuador,1992,204,0,0,204,0,204,38,0,38,38
2573,ecu,Ecuador,1993,232,0,0,232,0,232,48,0,48,48
2574,ecu,Ecuador,1994,238,0,0,238,0,238,174,0,174,174
2575,ecu,Ecuador,1995,204,0,0,204,0,204,203,0,203,203
2576,ecu,Ecuador,1996,213,0,0,213,0,213,216,0,216,216
2577,ecu,Ecuador,1997,218,0,0,218,0,218,215,0,215,215
2578,ecu,Ecuador,1998,244,0,0,244,0,244,507,0,507,507
2579,ecu,Ecuador,1999,309,0,0,309,0,309,492,0,492,492
2580,ecu,Ecuador,2000,1598,147,0,1745,0,1745,669,270,939,939
2581,ecu,Ecuador,2001,1680,2494,0,4174,0,4174,649,435,1084,1084
2582,ecu,Ecuador,2002,3225,2638,0,5863,0,5863,815,834,1649,1649
2583,ecu,Ecuador,2003,6367,2554,0,8921,0,8921,720,689,1409,1409
2584,ecu,Ecuador,2004,8425,1643,0,10068,0,10068,718,492,1210,1210
2585,ecu,Ecuador,2005,10046,2474,0,12520,0,12520,772,274,1046,1046
2586,ecu,Ecuador,2006,11767,5516,0,17283,0,17283,878,264,1142,1142
2587,ecu,Ecuador,2007,264868,27395,0,292263,0,292263,1329,278,1607,1607
2588,ecu,Ecuador,2008,101368,33900,0,135268,0,135268,1063,244,1307,1307
2589,ecu,Ecuador,2009,116532,50593,0,167125,0,167125,1029,279,1308,1308
2590,ecu,Ecuador,2010,121222,49874,0,171096,0,171096,859,201,1060,1060
2591,ecu,Ecuador,2011,123407,21534,0,144941,0,144941,912,254,1166,1166
2592,ecu,Ecuador,2012,123793,14553,0,138346,0,138346,848,519,1367,1367
2593,ecu,Ecuador,2013,123177,11564,0,134741,0,134741,711,2340,3051,3051
2594,ecu,Ecuador,2014,122129,11583,0,133712,0,133712,807,6966,7773,7773
2595,ecu,Ecuador,2015,121511,11583,0,133094,0,133094,1006,10415,11421,11421
2596,ecu,Ecuador,2016,102848,24542,0,127390,0,127390,1041,13682,14723,14723
2597,ecu,Ecuador,2017,92405,11895,0,104300,0,104300,1251,17341,18592,18592
2598,ecu,Ecuador,2018,101550,17044,256265,374859,0,374859,1424,17727,19151,19151
2599,ecu,Ecuador,2019,104560,25002,374045,503607,0,503607,1644,19340,20984,20984
2600,ecu,Ecuador,2020,104582,26001,401777,532360,0,532360,1689,22090,23779,23779
2601,ecu,Ecuador,2021,56603,7137,503882,567622,0,567622,1825,27286,29111,29111
2602,ecu,Ecuador,2022,60125,9754,495304,565183,0,565183,3205,40358,43563,43563
2603,ecu,Ecuador,2023,61441,9364,495481,566286,0,566286,3774,46511,50285,50285
2604,egy,Egypt,1964,470,0,0,470,0,470,0,0,0,0
2605,egy,Egypt,1965,5000,0,0,5000,0,5000,0,0,0,0
2606,egy,Egypt,1966,0,0,0,0,0,0,0,0,0,0
2607,egy,Egypt,1967,0,0,0,0,0,0,0,0,0,0
2608,egy,Egypt,1968,0,0,0,0,0,0,0,0,0,0
2609,egy,Egypt,1969,4800,0,0,4800,0,4800,0,0,0,0
2610,egy,Egypt,1970,5000,0,0,5000,0,5000,0,0,0,0
2611,egy,Egypt,1971,5020,0,0,5020,0,5020,0,0,0,0
2612,egy,Egypt,1972,7370,0,0,7370,0,7370,0,0,0,0
2613,egy,Egypt,1973,2600,0,0,2600,0,2600,0,0,0,0
2614,egy,Egypt,1974,4000,0,0,4000,0,4000,0,0,0,0
2615,egy,Egypt,1975,4000,0,0,4000,0,4000,0,0,0,0
2616,egy,Egypt,1976,4000,0,0,4000,0,4000,0,0,0,0
2617,egy,Egypt,1977,4510,0,0,4510,0,4510,0,0,0,0
2618,egy,Egypt,1978,5000,0,0,5000,0,5000,50,0,50,50
2619,egy,Egypt,1979,4850,0,0,4850,0,4850,0,0,0,0
2620,egy,Egypt,1980,1440,0,0,1440,0,1440,0,0,0,0
2621,egy,Egypt,1981,1580,0,0,1580,0,1580,5,0,5,5
2622,egy,Egypt,1982,5500,0,0,5500,0,5500,5,0,5,5
2623,egy,Egypt,1983,35000,0,0,35000,0,35000,6,0,6,6
2624,egy,Egypt,1984,5500,0,0,5500,0,5500,6,0,6,6
2625,egy,Egypt,1985,1090,0,0,1090,0,1090,7,0,7,7
2626,egy,Egypt,1986,1080,0,0,1080,0,1080,8,0,8,8
2627,egy,Egypt,1987,1150,0,0,1150,0,1150,8,0,8,8
2628,egy,Egypt,1988,1620,0,0,1620,0,1620,14,0,14,14
2629,egy,Egypt,1989,1740,0,0,1740,0,1740,13,0,13,13
2630,egy,Egypt,1990,1991,0,0,1991,0,1991,50,0,50,50
2631,egy,Egypt,1991,2245,0,0,2245,0,2245,98,0,98,98
2632,egy,Egypt,1992,5509,0,0,5509,0,5509,210,0,210,210
2633,egy,Egypt,1993,6709,0,0,6709,0,6709,257,0,257,257
2634,egy,Egypt,1994,7218,0,0,7218,0,7218,501,0,501,501
2635,egy,Egypt,1995,5401,0,0,5401,0,5401,870,0,870,870
2636,egy,Egypt,1996,6026,0,0,6026,0,6026,1198,0,1198,1198
2637,egy,Egypt,1997,6486,0,0,6486,0,6486,1720,0,1720,1720
2638,egy,Egypt,1998,6276,0,0,6276,0,6276,2606,0,2606,2606
2639,egy,Egypt,1999,6553,0,0,6553,0,6553,3486,0,3486,3486
2640,egy,Egypt,2000,6840,11164,0,18004,0,18004,3954,1151,5105,5105
2641,egy,Egypt,2001,7223,15644,0,22867,0,22867,4677,1442,6119,6119
2642,egy,Egypt,2002,80488,12085,0,92573,0,92573,6442,1825,8267,8267
2643,egy,Egypt,2003,88745,5390,0,94135,0,94135,5734,2019,7753,7753
2644,egy,Egypt,2004,90335,8741,0,99076,0,99076,5361,2242,7603,7603
2645,egy,Egypt,2005,88934,11003,0,99937,0,99937,6288,2327,8615,8615
2646,egy,Egypt,2006,88014,16355,0,104369,0,104369,7608,1675,9283,9283
2647,egy,Egypt,2007,97550,14865,0,112415,0,112415,6789,1614,8403,8403
2648,egy,Egypt,2008,97851,14653,0,112504,0,112504,6777,1803,8580,8580
2649,egy,Egypt,2009,94392,13425,0,107817,0,107817,6983,1626,8609,8609
2650,egy,Egypt,2010,95044,14283,0,109327,0,109327,6903,1571,8474,8474
2651,egy,Egypt,2011,95078,18915,0,113993,0,113993,7922,2613,10535,10535
2652,egy,Egypt,2012,109923,16938,0,126861,0,126861,10014,4118,14132,14132
2653,egy,Egypt,2013,230070,23150,0,253220,0,253220,12804,9478,22282,22282
2654,egy,Egypt,2014,236085,25603,0,261688,0,261688,15899,10816,26715,26715
2655,egy,Egypt,2015,212492,38135,0,250627,0,250627,17929,12142,30071,30071
2656,egy,Egypt,2016,213515,49844,0,263359,0,263359,19792,13026,32818,32818
2657,egy,Egypt,2017,232647,56557,0,289204,0,289204,22106,14588,36694,36694
2658,egy,Egypt,2018,246746,68168,0,314914,0,314914,24850,16760,41610,41610
2659,egy,Egypt,2019,258391,66309,0,324700,0,324700,27416,16627,44043,44043
2660,egy,Egypt,2020,272826,56446,0,329272,0,329272,26553,16313,42866,42866
2661,egy,Egypt,2021,280686,60392,0,341078,0,341078,27498,21016,48514,48514
2662,egy,Egypt,2022,294632,63881,0,358513,0,358513,24390,27834,52224,52224
2663,egy,Egypt,2023,300128,84154,0,384282,0,384282,24652,36151,60803,60803
2664,slv,El Salvador,1972,100,0,0,100,0,100,0,0,0,0
2665,slv,El Salvador,1973,0,0,0,0,0,0,0,0,0,0
2666,slv,El Salvador,1974,0,0,0,0,0,0,0,0,0,0
2667,slv,El Salvador,1975,0,0,0,0,0,0,0,0,0,0
2668,slv,El Salvador,1976,0,0,0,0,0,0,0,0,0,0
2669,slv,El Salvador,1977,0,0,0,0,0,0,0,0,0,0
2670,slv,El Salvador,1978,0,0,0,0,0,0,0,0,0,0
2671,slv,El Salvador,1979,0,0,0,0,0,0,0,0,0,0
2672,slv,El Salvador,1980,390,0,0,390,0,390,91630,0,91630,91630
2673,slv,El Salvador,1981,0,0,0,0,0,0,304810,0,304810,304810
2674,slv,El Salvador,1982,0,0,0,0,0,0,242400,0,242400,242400
2675,slv,El Salvador,1983,0,0,0,0,0,0,244600,0,244600,244600
2676,slv,El Salvador,1984,0,0,0,0,0,0,243000,0,243000,243000
2677,slv,El Salvador,1985,210,0,0,210,0,210,180605,0,180605,180605
2678,slv,El Salvador,1986,310,0,0,310,0,310,171785,0,171785,171785
2679,slv,El Salvador,1987,300,0,0,300,0,300,167605,0,167605,167605
2680,slv,El Salvador,1988,20350,0,0,20350,0,20350,166393,0,166393,166393
2681,slv,El Salvador,1989,20730,0,0,20730,0,20730,39582,0,39582,39582
2682,slv,El Salvador,1990,20300,0,0,20300,0,20300,30019,0,30019,30019
2683,slv,El Salvador,1991,20099,0,0,20099,0,20099,33048,0,33048,33048
2684,slv,El Salvador,1992,19903,0,0,19903,0,19903,30854,0,30854,30854
2685,slv,El Salvador,1993,161,0,0,161,0,161,26125,0,26125,26125
2686,slv,El Salvador,1994,153,0,0,153,0,153,30736,0,30736,30736
2687,slv,El Salvador,1995,153,0,0,153,0,153,23534,0,23534,23534
2688,slv,El Salvador,1996,148,0,0,148,0,148,19639,0,19639,19639
2689,slv,El Salvador,1997,106,0,0,106,0,106,17124,0,17124,17124
2690,slv,El Salvador,1998,30,0,0,30,0,30,12591,0,12591,12591
2691,slv,El Salvador,1999,21,0,0,21,0,21,12408,0,12408,12408
2692,slv,El Salvador,2000,57,5,0,62,0,62,7753,176478,184231,184231
2693,slv,El Salvador,2001,69,5,0,74,0,74,7147,164987,172134,172134
2694,slv,El Salvador,2002,74,5,0,79,0,79,6630,151584,158214,158214
2695,slv,El Salvador,2003,246,5,0,251,0,251,5658,128655,134313,134313
2696,slv,El Salvador,2004,235,0,0,235,0,235,4497,91767,96264,96264
2697,slv,El Salvador,2005,51,0,0,51,0,51,4283,45203,49486,49486
2698,slv,El Salvador,2006,39,0,0,39,0,39,6390,28779,35169,35169
2699,slv,El Salvador,2007,39,5,0,44,0,44,6026,18609,24635,24635
2700,slv,El Salvador,2008,34,0,0,34,0,34,5154,11152,16306,16306
2701,slv,El Salvador,2009,32,54,0,86,0,86,5053,9744,14797,14797
2702,slv,El Salvador,2010,39,18,0,57,0,57,4978,1543,6521,6521
2703,slv,El Salvador,2011,39,5,0,44,0,44,6725,1633,8358,8358
2704,slv,El Salvador,2012,43,0,0,43,0,43,8173,1646,9819,9819
2705,slv,El Salvador,2013,42,5,0,47,0,47,9634,11260,20894,20894
2706,slv,El Salvador,2014,33,0,0,33,0,33,10968,18035,29003,29003
2707,slv,El Salvador,2015,46,0,0,46,0,46,14778,31450,46228,46228
2708,slv,El Salvador,2016,41,0,0,41,0,41,19617,62163,81780,81780
2709,slv,El Salvador,2017,40,5,0,45,71500,71545,25876,104901,130777,202277
2710,slv,El Salvador,2018,44,16,0,60,71501,71561,32562,119271,151833,223334
2711,slv,El Salvador,2019,48,29,0,77,71500,71577,41816,136277,178093,249593
2712,slv,El Salvador,2020,48,53,0,101,71500,71601,45640,149542,195182,266682
2713,slv,El Salvador,2021,98,66,0,164,71500,71664,52041,153246,205287,276787
2714,slv,El Salvador,2022,104,54,0,158,71500,71658,58621,148758,207379,278879
2715,slv,El Salvador,2023,106,158,0,264,71500,71764,62248,142469,204717,276217
2716,gnq,Equatorial Guinea,1968,40000,0,0,40000,0,40000,0,0,0,0
2717,gnq,Equatorial Guinea,1969,0,0,0,0,0,0,0,0,0,0
2718,gnq,Equatorial Guinea,1970,0,0,0,0,0,0,0,0,0,0
2719,gnq,Equatorial Guinea,1971,0,0,0,0,0,0,0,0,0,0
2720,gnq,Equatorial Guinea,1972,0,0,0,0,0,0,0,0,0,0
2721,gnq,Equatorial Guinea,1973,0,0,0,0,0,0,0,0,0,0
2722,gnq,Equatorial Guinea,1974,0,0,0,0,0,0,1000,0,1000,1000
2723,gnq,Equatorial Guinea,1975,0,0,0,0,0,0,90000,0,90000,90000
2724,gnq,Equatorial Guinea,1976,0,0,0,0,0,0,90000,0,90000,90000
2725,gnq,Equatorial Guinea,1977,0,0,0,0,0,0,120000,0,120000,120000
2726,gnq,Equatorial Guinea,1978,0,0,0,0,0,0,90000,0,90000,90000
2727,gnq,Equatorial Guinea,1979,0,0,0,0,0,0,40000,0,40000,40000
2728,gnq,Equatorial Guinea,1980,0,0,0,0,0,0,38000,0,38000,38000
2729,gnq,Equatorial Guinea,1981,0,0,0,0,0,0,18000,0,18000,18000
2730,gnq,Equatorial Guinea,1982,0,0,0,0,0,0,18000,0,18000,18000
2731,gnq,Equatorial Guinea,1983,0,0,0,0,0,0,0,0,0,0
2732,gnq,Equatorial Guinea,1984,0,0,0,0,0,0,0,0,0,0
2733,gnq,Equatorial Guinea,1985,0,0,0,0,0,0,0,0,0,0
2734,gnq,Equatorial Guinea,1986,0,0,0,0,0,0,0,0,0,0
2735,gnq,Equatorial Guinea,1987,0,0,0,0,0,0,0,0,0,0
2736,gnq,Equatorial Guinea,1988,0,0,0,0,0,0,0,0,0,0
2737,gnq,Equatorial Guinea,1989,0,0,0,0,0,0,0,0,0,0
2738,gnq,Equatorial Guinea,1990,0,0,0,0,0,0,0,0,0,0
2739,gnq,Equatorial Guinea,1991,0,0,0,0,0,0,60,0,60,60
2740,gnq,Equatorial Guinea,1992,0,0,0,0,0,0,115,0,115,115
2741,gnq,Equatorial Guinea,1993,0,0,0,0,0,0,214,0,214,214
2742,gnq,Equatorial Guinea,1994,0,0,0,0,0,0,340,0,340,340
2743,gnq,Equatorial Guinea,1995,0,0,0,0,0,0,342,0,342,342
2744,gnq,Equatorial Guinea,1996,0,0,0,0,0,0,398,0,398,398
2745,gnq,Equatorial Guinea,1997,0,0,0,0,0,0,474,0,474,474
2746,gnq,Equatorial Guinea,1998,0,0,0,0,0,0,419,0,419,419
2747,gnq,Equatorial Guinea,1999,0,0,0,0,0,0,422,0,422,422
2748,gnq,Equatorial Guinea,2000,0,0,0,0,0,0,504,41,545,545
2749,gnq,Equatorial Guinea,2001,0,0,0,0,0,0,526,35,561,561
2750,gnq,Equatorial Guinea,2002,0,0,0,0,0,0,549,61,610,610
2751,gnq,Equatorial Guinea,2003,0,0,0,0,0,0,584,52,636,636
2752,gnq,Equatorial Guinea,2004,0,0,0,0,0,0,540,50,590,590
2753,gnq,Equatorial Guinea,2005,0,0,0,0,0,0,478,50,528,528
2754,gnq,Equatorial Guinea,2006,0,0,0,0,0,0,460,27,487,487
2755,gnq,Equatorial Guinea,2007,0,0,0,0,0,0,402,29,431,431
2756,gnq,Equatorial Guinea,2008,0,0,0,0,0,0,381,48,429,429
2757,gnq,Equatorial Guinea,2009,0,0,0,0,0,0,341,32,373,373
2758,gnq,Equatorial Guinea,2010,0,0,0,0,0,0,306,72,378,378
2759,gnq,Equatorial Guinea,2011,0,0,0,0,0,0,261,37,298,298
2760,gnq,Equatorial Guinea,2012,0,0,0,0,0,0,230,78,308,308
2761,gnq,Equatorial Guinea,2013,0,0,0,0,0,0,196,60,256,256
2762,gnq,Equatorial Guinea,2014,0,0,0,0,0,0,168,81,249,249
2763,gnq,Equatorial Guinea,2015,0,0,0,0,0,0,142,85,227,227
2764,gnq,Equatorial Guinea,2016,0,0,0,0,0,0,131,100,231,231
2765,gnq,Equatorial Guinea,2017,0,0,0,0,0,0,127,110,237,237
2766,gnq,Equatorial Guinea,2018,0,0,0,0,0,0,140,176,316,316
2767,gnq,Equatorial Guinea,2019,0,0,0,0,0,0,156,166,322,322
2768,gnq,Equatorial Guinea,2020,0,0,0,0,0,0,145,193,338,338
2769,gnq,Equatorial Guinea,2021,0,0,0,0,0,0,168,235,403,403
2770,gnq,Equatorial Guinea,2022,0,0,0,0,0,0,361,243,604,604
2771,gnq,Equatorial Guinea,2023,0,0,0,0,0,0,383,325,708,708
2772,eri,Eritrea,1979,0,0,0,0,0,0,400,0,400,400
2773,eri,Eritrea,1980,0,0,0,0,0,0,542,0,542,542
2774,eri,Eritrea,1981,0,0,0,0,0,0,1542,0,1542,1542
2775,eri,Eritrea,1982,0,0,0,0,0,0,1585,0,1585,1585
2776,eri,Eritrea,1983,0,0,0,0,0,0,1385,0,1385,1385
2777,eri,Eritrea,1984,0,0,0,0,0,0,1385,0,1385,1385
2778,eri,Eritrea,1985,0,0,0,0,0,0,1385,0,1385,1385
2779,eri,Eritrea,1986,0,0,0,0,0,0,177,0,177,177
2780,eri,Eritrea,1987,0,0,0,0,0,0,167,0,167,167
2781,eri,Eritrea,1988,0,0,0,0,0,0,133,0,133,133
2782,eri,Eritrea,1989,0,0,0,0,0,0,43,0,43,43
2783,eri,Eritrea,1990,0,0,0,0,0,0,43,0,43,43
2784,eri,Eritrea,1991,0,0,0,0,0,0,500633,0,500633,500633
2785,eri,Eritrea,1992,0,0,0,0,0,0,503200,0,503200,503200
2786,eri,Eritrea,1993,5,0,0,5,0,5,427208,0,427208,427208
2787,eri,Eritrea,1994,704,0,0,704,0,704,422432,0,422432,422432
2788,eri,Eritrea,1995,1081,0,0,1081,0,1081,286711,0,286711,286711
2789,eri,Eritrea,1996,2105,0,0,2105,0,2105,332222,0,332222,332222
2790,eri,Eritrea,1997,2606,0,0,2606,0,2606,319076,0,319076,319076
2791,eri,Eritrea,1998,2501,0,0,2501,0,2501,346779,0,346779,346779
2792,eri,Eritrea,1999,2972,0,0,2972,0,2972,347134,0,347134,347134
2793,eri,Eritrea,2000,1984,0,0,1984,1100000,1101984,376847,2559,379406,1479406
2794,eri,Eritrea,2001,2272,0,0,2272,0,2272,333222,2849,336071,336071
2795,eri,Eritrea,2002,3619,5,0,3624,0,3624,318167,25826,343993,343993
2796,eri,Eritrea,2003,3890,200,0,4090,0,4090,124111,2828,126939,126939
2797,eri,Eritrea,2004,4242,449,0,4691,0,4691,131108,2811,133919,133919
2798,eri,Eritrea,2005,4418,1589,0,6007,0,6007,144062,4016,148078,148078
2799,eri,Eritrea,2006,4621,2001,0,6622,0,6622,193738,5023,198761,198761
2800,eri,Eritrea,2007,5042,2016,0,7058,0,7058,208747,12177,220924,220924
2801,eri,Eritrea,2008,4862,128,0,4990,0,4990,186392,14603,200995,200995
2802,eri,Eritrea,2009,4751,135,0,4886,0,4886,209164,14379,223543,223543
2803,eri,Eritrea,2010,4809,135,0,4944,0,4944,222457,13569,236026,236026
2804,eri,Eritrea,2011,4719,7,0,4726,0,4726,251941,14598,266539,266539
2805,eri,Eritrea,2012,3600,17,0,3617,0,3617,285356,20544,305900,305900
2806,eri,Eritrea,2013,3166,5,0,3171,0,3171,308210,28924,337134,337134
2807,eri,Eritrea,2014,2898,0,0,2898,0,2898,363081,53650,416731,416731
2808,eri,Eritrea,2015,2549,0,0,2549,0,2549,407428,62088,469516,469516
2809,eri,Eritrea,2016,2342,8,0,2350,0,2350,457247,67694,524941,524941
2810,eri,Eritrea,2017,2392,0,0,2392,0,2392,486209,78308,564517,564517
2811,eri,Eritrea,2018,2252,0,0,2252,0,2252,507260,78584,585844,585844
2812,eri,Eritrea,2019,199,0,0,199,0,199,504300,72164,576464,576464
2813,eri,Eritrea,2020,201,0,0,201,0,201,524738,72942,597680,597680
2814,eri,Eritrea,2021,121,0,0,121,0,121,511911,77188,589099,589099
2815,eri,Eritrea,2022,119,0,0,119,0,119,512674,79010,591684,591684
2816,eri,Eritrea,2023,119,0,0,119,0,119,537161,86056,623217,623217
2817,est,Estonia,1992,0,0,0,0,0,0,59,0,59,59
2818,est,Estonia,1993,0,0,0,0,0,0,95,0,95,95
2819,est,Estonia,1994,0,0,0,0,0,0,296,0,296,296
2820,est,Estonia,1995,0,0,0,0,0,0,350,0,350,350
2821,est,Estonia,1996,0,0,0,0,0,0,1309,0,1309,1309
2822,est,Estonia,1997,0,0,0,0,0,0,1265,0,1265,1265
2823,est,Estonia,1998,0,0,0,0,0,0,792,0,792,792
2824,est,Estonia,1999,0,0,0,0,0,0,634,0,634,634
2825,est,Estonia,2000,0,10,0,10,0,10,460,74,534,534
2826,est,Estonia,2001,6,20,0,26,0,26,483,98,581,581
2827,est,Estonia,2002,6,5,0,11,0,11,1058,157,1215,1215
2828,est,Estonia,2003,6,0,0,6,0,6,1021,177,1198,1198
2829,est,Estonia,2004,6,10,0,16,0,16,849,143,992,992
2830,est,Estonia,2005,0,0,0,0,0,0,738,132,870,870
2831,est,Estonia,2006,0,5,0,5,0,5,622,123,745,745
2832,est,Estonia,2007,6,5,0,11,0,11,258,55,313,313
2833,est,Estonia,2008,16,5,0,21,0,21,248,33,281,281
2834,est,Estonia,2009,16,19,0,35,0,35,249,34,283,283
2835,est,Estonia,2010,31,5,0,36,0,36,242,15,257,257
2836,est,Estonia,2011,34,5,0,39,0,39,225,34,259,259
2837,est,Estonia,2012,48,0,0,48,0,48,455,28,483,483
2838,est,Estonia,2013,52,15,0,67,0,67,349,22,371,371
2839,est,Estonia,2014,82,84,0,166,0,166,340,31,371,371
2840,est,Estonia,2015,158,73,0,231,0,231,315,39,354,354
2841,est,Estonia,2016,312,43,0,355,0,355,303,42,345,345
2842,est,Estonia,2017,405,36,0,441,0,441,288,42,330,330
2843,est,Estonia,2018,319,30,0,349,0,349,281,37,318,318
2844,est,Estonia,2019,331,33,0,364,0,364,274,55,329,329
2845,est,Estonia,2020,277,5,0,282,0,282,277,43,320,320
2846,est,Estonia,2021,321,15,0,336,0,336,271,48,319,319
2847,est,Estonia,2022,40806,631,0,41437,0,41437,45,61,106,106
2848,est,Estonia,2023,40371,214,0,40585,0,40585,62,51,113,113
2849,eth,Ethiopia,1967,0,0,0,0,0,0,28600,0,28600,28600
2850,eth,Ethiopia,1968,20000,0,0,20000,0,20000,31000,0,31000,31000
2851,eth,Ethiopia,1969,20000,0,0,20000,0,20000,31000,0,31000,31000
2852,eth,Ethiopia,1970,21000,0,0,21000,0,21000,54350,0,54350,54350
2853,eth,Ethiopia,1971,22730,0,0,22730,0,22730,55200,0,55200,55200
2854,eth,Ethiopia,1972,16200,0,0,16200,0,16200,44640,0,44640,44640
2855,eth,Ethiopia,1973,5400,0,0,5400,0,5400,46300,0,46300,46300
2856,eth,Ethiopia,1974,5910,0,0,5910,0,5910,49200,0,49200,49200
2857,eth,Ethiopia,1975,11150,0,0,11150,0,11150,91410,0,91410,91410
2858,eth,Ethiopia,1976,10690,0,0,10690,0,10690,105700,0,105700,105700
2859,eth,Ethiopia,1977,10940,0,0,10940,0,10940,655350,0,655350,655350
2860,eth,Ethiopia,1978,10930,0,0,10930,0,10930,887670,0,887670,887670
2861,eth,Ethiopia,1979,10930,0,0,10930,0,10930,1623870,0,1623870,1623870
2862,eth,Ethiopia,1980,10930,0,0,10930,0,10930,2567998,0,2567998,2567998
2863,eth,Ethiopia,1981,5450,0,0,5450,0,5450,1363266,0,1363266,1363266
2864,eth,Ethiopia,1982,5550,0,0,5550,0,5550,1334915,0,1334915,1334915
2865,eth,Ethiopia,1983,31370,0,0,31370,0,31370,1351917,0,1351917,1351917
2866,eth,Ethiopia,1984,180480,0,0,180480,0,180480,1546134,0,1546134,1546134
2867,eth,Ethiopia,1985,180400,0,0,180400,0,180400,1749309,0,1749309,1749309
2868,eth,Ethiopia,1986,132400,0,0,132400,0,132400,1534548,0,1534548,1534548
2869,eth,Ethiopia,1987,310500,0,0,310500,0,310500,1487663,0,1487663,1487663
2870,eth,Ethiopia,1988,679532,0,0,679532,0,679532,1513307,0,1513307,1513307
2871,eth,Ethiopia,1989,710166,0,0,710166,0,710166,1474919,0,1474919,1474919
2872,eth,Ethiopia,1990,773764,0,0,773764,0,773764,1345928,0,1345928,1345928
2873,eth,Ethiopia,1991,529620,0,0,529620,0,529620,251243,0,251243,251243
2874,eth,Ethiopia,1992,431824,0,0,431824,0,431824,313131,0,313131,313131
2875,eth,Ethiopia,1993,272632,0,0,272632,0,272632,251828,0,251828,251828
2876,eth,Ethiopia,1994,348074,0,0,348074,0,348074,226429,0,226429,226429
2877,eth,Ethiopia,1995,393479,0,0,393479,0,393479,100986,0,100986,100986
2878,eth,Ethiopia,1996,390528,0,0,390528,0,390528,96264,0,96264,96264
2879,eth,Ethiopia,1997,323064,0,0,323064,0,323064,84386,0,84386,84386
2880,eth,Ethiopia,1998,262158,0,0,262158,0,262158,70663,0,70663,70663
2881,eth,Ethiopia,1999,257683,0,0,257683,0,257683,71040,0,71040,71040
2882,eth,Ethiopia,2000,197960,33,0,197993,0,197993,66396,14551,80947,80947
2883,eth,Ethiopia,2001,152554,0,0,152554,0,152554,58980,12305,71285,71285
2884,eth,Ethiopia,2002,132939,12,0,132951,0,132951,61235,8956,70191,70191
2885,eth,Ethiopia,2003,130274,5,0,130279,0,130279,62674,10805,73479,73479
2886,eth,Ethiopia,2004,115979,42,0,116021,0,116021,63153,13098,76251,76251
2887,eth,Ethiopia,2005,100813,208,0,101021,0,101021,65447,16216,81663,81663
2888,eth,Ethiopia,2006,96975,312,0,97287,0,97287,74007,16670,90677,90677
2889,eth,Ethiopia,2007,85179,178,0,85357,0,85357,59845,29469,89314,89314
2890,eth,Ethiopia,2008,83573,1656,0,85229,0,85229,63863,31506,95369,95369
2891,eth,Ethiopia,2009,121880,2441,0,124321,0,124321,62877,48733,111610,111610
2892,eth,Ethiopia,2010,154288,1014,0,155302,0,155302,68838,48883,117721,117721
2893,eth,Ethiopia,2011,288839,1340,0,290179,0,290179,70601,38827,109428,109428
2894,eth,Ethiopia,2012,376388,837,0,377225,0,377225,74964,41902,116866,116866
2895,eth,Ethiopia,2013,433933,930,0,434863,0,434863,77109,49315,126424,126424
2896,eth,Ethiopia,2014,659520,4120,0,663640,0,663640,86857,61368,148225,148225
2897,eth,Ethiopia,2015,736081,2126,0,738207,0,738207,85839,76680,162519,162519
2898,eth,Ethiopia,2016,791631,1948,0,793579,0,793579,83958,78854,162812,162812
2899,eth,Ethiopia,2017,889412,2593,0,892005,1078429,1970434,87448,133659,221107,1299536
2900,eth,Ethiopia,2018,903226,2136,0,905362,2615800,3521162,92232,133254,225486,2841286
2901,eth,Ethiopia,2019,733123,1677,0,734800,1733628,2468428,93467,135267,228734,1962362
2902,eth,Ethiopia,2020,800454,1901,0,802355,2733628,3535983,151426,125072,276498,3010126
2903,eth,Ethiopia,2021,821283,2251,0,823534,3646267,4469801,149130,139211,288341,3934608
2904,eth,Ethiopia,2022,879598,2214,0,881812,2730000,3611812,149603,121362,270965,3000965
2905,eth,Ethiopia,2023,921822,4038,0,925860,2123435,3049295,145039,129904,274943,2398378
2906,fji,Fiji,1992,0,0,0,0,0,0,19,0,19,19
2907,fji,Fiji,1993,0,0,0,0,0,0,89,0,89,89
2908,fji,Fiji,1994,0,0,0,0,0,0,156,0,156,156
2909,fji,Fiji,1995,9,0,0,9,0,9,222,0,222,222
2910,fji,Fiji,1996,7,0,0,7,0,7,305,0,305,305
2911,fji,Fiji,1997,0,0,0,0,0,0,326,0,326,326
2912,fji,Fiji,1998,0,0,0,0,0,0,301,0,301,301
2913,fji,Fiji,1999,0,0,0,0,0,0,328,0,328,328
2914,fji,Fiji,2000,0,0,0,0,0,0,401,1661,2062,2062
2915,fji,Fiji,2001,0,0,0,0,0,0,731,1918,2649,2649
2916,fji,Fiji,2002,0,0,0,0,0,0,1071,1502,2573,2573
2917,fji,Fiji,2003,0,0,0,0,0,0,1088,1018,2106,2106
2918,fji,Fiji,2004,0,0,0,0,0,0,1280,520,1800,1800
2919,fji,Fiji,2005,0,0,0,0,0,0,1376,370,1746,1746
2920,fji,Fiji,2006,0,0,0,0,0,0,1681,253,1934,1934
2921,fji,Fiji,2007,0,0,0,0,0,0,1824,193,2017,2017
2922,fji,Fiji,2008,0,5,0,5,0,5,1862,200,2062,2062
2923,fji,Fiji,2009,0,5,0,5,0,5,1888,360,2248,2248
2924,fji,Fiji,2010,0,5,0,5,0,5,1849,298,2147,2147
2925,fji,Fiji,2011,5,0,0,5,0,5,1576,256,1832,1832
2926,fji,Fiji,2012,0,7,0,7,0,7,1314,269,1583,1583
2927,fji,Fiji,2013,0,7,0,7,0,7,1109,463,1572,1572
2928,fji,Fiji,2014,7,11,0,18,0,18,927,769,1696,1696
2929,fji,Fiji,2015,7,6,0,13,0,13,887,429,1316,1316
2930,fji,Fiji,2016,7,0,0,7,0,7,791,510,1301,1301
2931,fji,Fiji,2017,7,10,0,17,0,17,734,678,1412,1412
2932,fji,Fiji,2018,0,17,0,17,0,17,675,1297,1972,1972
2933,fji,Fiji,2019,12,10,0,22,0,22,591,2343,2934,2934
2934,fji,Fiji,2020,14,5,0,19,0,19,516,2683,3199,3199
2935,fji,Fiji,2021,18,0,0,18,0,18,414,2997,3411,3411
2936,fji,Fiji,2022,5,13,0,18,0,18,336,3317,3653,3653
2937,fji,Fiji,2023,16,5,0,21,0,21,332,3317,3649,3649
2938,fin,Finland,1984,500,0,0,500,0,500,0,0,0,0
2939,fin,Finland,1985,500,0,0,500,0,500,0,0,0,0
2940,fin,Finland,1986,500,0,0,500,0,500,0,0,0,0
2941,fin,Finland,1987,800,0,0,800,0,800,0,0,0,0
2942,fin,Finland,1988,1065,0,0,1065,0,1065,0,0,0,0
2943,fin,Finland,1989,2000,0,0,2000,0,2000,0,0,0,0
2944,fin,Finland,1990,2348,0,0,2348,0,2348,0,0,0,0
2945,fin,Finland,1991,4561,0,0,4561,0,4561,0,0,0,0
2946,fin,Finland,1992,5950,0,0,5950,0,5950,0,0,0,0
2947,fin,Finland,1993,8511,0,0,8511,0,8511,0,0,0,0
2948,fin,Finland,1994,9511,0,0,9511,0,9511,0,0,0,0
2949,fin,Finland,1995,10191,0,0,10191,0,10191,0,0,0,0
2950,fin,Finland,1996,11382,0,0,11382,0,11382,0,0,0,0
2951,fin,Finland,1997,12017,0,0,12017,0,12017,0,0,0,0
2952,fin,Finland,1998,12288,0,0,12288,0,12288,5,0,5,5
2953,fin,Finland,1999,12866,0,0,12866,0,12866,5,0,5,5
2954,fin,Finland,2000,13271,1300,0,14571,0,14571,5,5,10,10
2955,fin,Finland,2001,12726,0,0,12726,0,12726,0,5,5,5
2956,fin,Finland,2002,12485,0,0,12485,0,12485,8,5,13,13
2957,fin,Finland,2003,10835,0,0,10835,0,10835,6,5,11,11
2958,fin,Finland,2004,11309,0,0,11309,0,11309,0,5,5,5
2959,fin,Finland,2005,11801,0,0,11801,0,11801,5,5,10,10
2960,fin,Finland,2006,11827,1112,0,12939,0,12939,10,0,10,10
2961,fin,Finland,2007,6201,712,0,6913,0,6913,5,0,5,5
2962,fin,Finland,2008,6621,2736,0,9357,0,9357,0,0,0,0
2963,fin,Finland,2009,7448,3763,0,11211,0,11211,6,0,6,6
2964,fin,Finland,2010,8721,2075,0,10796,0,10796,6,0,6,6
2965,fin,Finland,2011,9170,2262,0,11432,0,11432,6,5,11,11
2966,fin,Finland,2012,9910,1867,0,11777,0,11777,5,6,11,11
2967,fin,Finland,2013,11242,1504,0,12746,0,12746,5,5,10,10
2968,fin,Finland,2014,11783,1734,0,13517,0,13517,5,0,5,5
2969,fin,Finland,2015,12692,24340,0,37032,0,37032,10,0,10,10
2970,fin,Finland,2016,18402,5559,0,23961,0,23961,5,5,10,10
2971,fin,Finland,2017,20793,3101,0,23894,0,23894,5,10,15,15
2972,fin,Finland,2018,22287,3264,0,25551,0,25551,5,5,10,10
2973,fin,Finland,2019,23458,8308,0,31766,0,31766,0,10,10,10
2974,fin,Finland,2020,23428,6316,0,29744,0,29744,0,0,0,0
2975,fin,Finland,2021,24078,2408,0,26486,0,26486,5,0,5,5
2976,fin,Finland,2022,69553,6046,0,75599,0,75599,0,15,15,15
2977,fin,Finland,2023,80189,5988,0,86177,0,86177,0,30,30,30
2978,fra,France,1951,290000,0,0,290000,0,290000,0,0,0,0
2979,fra,France,1952,280000,0,0,280000,0,280000,0,0,0,0
2980,fra,France,1953,270000,0,0,270000,0,270000,0,0,0,0
2981,fra,France,1954,263000,0,0,263000,0,263000,0,0,0,0
2982,fra,France,1955,345415,0,0,345415,0,345415,0,0,0,0
2983,fra,France,1956,363290,0,0,363290,0,363290,0,0,0,0
2984,fra,France,1957,389480,0,0,389480,0,389480,0,0,0,0
2985,fra,France,1958,381152,0,0,381152,0,381152,0,0,0,0
2986,fra,France,1959,387201,0,0,387201,0,387201,0,0,0,0
2987,fra,France,1960,245935,0,0,245935,0,245935,0,0,0,0
2988,fra,France,1961,253375,0,0,253375,0,253375,0,0,0,0
2989,fra,France,1962,259740,0,0,259740,0,259740,0,0,0,0
2990,fra,France,1963,174057,0,0,174057,0,174057,0,0,0,0
2991,fra,France,1964,175861,0,0,175861,0,175861,0,0,0,0
2992,fra,France,1965,177665,0,0,177665,0,177665,0,0,0,0
2993,fra,France,1966,179468,0,0,179468,0,179468,0,0,0,0
2994,fra,France,1967,177200,0,0,177200,0,177200,0,0,0,0
2995,fra,France,1968,176736,0,0,176736,0,176736,0,0,0,0
2996,fra,France,1969,175242,0,0,175242,0,175242,0,0,0,0
2997,fra,France,1970,158543,0,0,158543,0,158543,0,0,0,0
2998,fra,France,1971,141844,0,0,141844,0,141844,0,0,0,0
2999,fra,France,1972,98900,0,0,98900,0,98900,0,0,0,0
3000,fra,France,1973,101830,0,0,101830,0,101830,0,0,0,0
3001,fra,France,1974,105538,0,0,105538,0,105538,0,0,0,0
3002,fra,France,1975,109882,0,0,109882,0,109882,0,0,0,0
3003,fra,France,1976,114634,0,0,114634,0,114634,0,0,0,0
3004,fra,France,1977,119413,0,0,119413,0,119413,0,0,0,0
3005,fra,France,1978,126229,0,0,126229,0,126229,0,0,0,0
3006,fra,France,1979,119489,0,0,119489,0,119489,0,0,0,0
3007,fra,France,1980,121958,0,0,121958,0,121958,0,0,0,0
3008,fra,France,1981,125597,0,0,125597,0,125597,0,0,0,0
3009,fra,France,1982,152223,0,0,152223,0,152223,0,0,0,0
3010,fra,France,1983,164113,0,0,164113,0,164113,0,0,0,0
3011,fra,France,1984,169863,0,0,169863,0,169863,0,0,0,0
3012,fra,France,1985,174213,0,0,174213,0,174213,0,0,0,0
3013,fra,France,1986,180258,0,0,180258,0,180258,0,0,0,0
3014,fra,France,1987,179306,0,0,179306,0,179306,0,0,0,0
3015,fra,France,1988,183946,0,0,183946,0,183946,0,0,0,0
3016,fra,France,1989,180258,0,0,180258,0,180258,0,0,0,0
3017,fra,France,1990,193000,0,0,193000,0,193000,0,0,0,0
3018,fra,France,1991,174756,0,0,174756,0,174756,0,0,0,0
3019,fra,France,1992,156512,0,0,156512,0,156512,0,0,0,0
3020,fra,France,1993,166269,0,0,166269,0,166269,0,0,0,0
3021,fra,France,1994,195288,0,0,195288,0,195288,20,0,20,20
3022,fra,France,1995,155240,0,0,155240,0,155240,14,0,14,14
3023,fra,France,1996,151331,0,0,151331,0,151331,46,0,46,46
3024,fra,France,1997,146558,0,0,146558,0,146558,60,0,60,60
3025,fra,France,1998,140213,0,0,140213,0,140213,62,0,62,62
3026,fra,France,1999,129722,0,0,129722,0,129722,60,0,60,60
3027,fra,France,2000,132508,0,0,132508,0,132508,74,45,119,119
3028,fra,France,2001,131601,34551,0,166152,0,166152,41,59,100,100
3029,fra,France,2002,132182,34588,0,166770,0,166770,92,73,165,165
3030,fra,France,2003,130838,22900,0,153738,0,153738,110,66,176,176
3031,fra,France,2004,139852,59346,0,199198,0,199198,112,55,167,167
3032,fra,France,2005,137316,41279,0,178595,0,178595,286,54,340,340
3033,fra,France,2006,145996,37009,0,183005,0,183005,79,35,114,114
3034,fra,France,2007,151789,32275,0,184064,0,184064,99,48,147,147
3035,fra,France,2008,171206,31496,0,202702,0,202702,97,55,152,152
3036,fra,France,2009,196364,40517,0,236881,0,236881,80,69,149,149
3037,fra,France,2010,200687,48576,0,249263,0,249263,90,33,123,123
3038,fra,France,2011,210207,49240,0,259447,0,259447,92,51,143,143
3039,fra,France,2012,217865,49885,0,267750,0,267750,94,38,132,132
3040,fra,France,2013,232487,51691,0,284178,0,284178,92,42,134,134
3041,fra,France,2014,252248,55826,0,308074,0,308074,84,40,124,124
3042,fra,France,2015,273117,63043,0,336160,0,336160,90,77,167,167
3043,fra,France,2016,304527,62764,0,367291,0,367291,50,116,166,166
3044,fra,France,2017,337158,63115,0,400273,0,400273,54,140,194,194
3045,fra,France,2018,368345,89055,0,457400,0,457400,59,219,278,278
3046,fra,France,2019,407915,102140,0,510055,0,510055,50,268,318,318
3047,fra,France,2020,436055,118137,0,554192,0,554192,49,175,224,224
3048,fra,France,2021,499914,75708,0,575622,0,575622,38,279,317,317
3049,fra,France,2022,612934,75047,0,687981,0,687981,65,405,470,470
3050,fra,France,2023,641626,65222,0,706848,0,706848,55,438,493,493
3051,gab,Gabon,1969,4500,0,0,4500,0,4500,0,0,0,0
3052,gab,Gabon,1970,0,0,0,0,0,0,0,0,0,0
3053,gab,Gabon,1971,0,0,0,0,0,0,0,0,0,0
3054,gab,Gabon,1972,0,0,0,0,0,0,0,0,0,0
3055,gab,Gabon,1973,0,0,0,0,0,0,0,0,0,0
3056,gab,Gabon,1974,0,0,0,0,0,0,0,0,0,0
3057,gab,Gabon,1975,60000,0,0,60000,0,60000,0,0,0,0
3058,gab,Gabon,1976,60000,0,0,60000,0,60000,0,0,0,0
3059,gab,Gabon,1977,90000,0,0,90000,0,90000,0,0,0,0
3060,gab,Gabon,1978,60200,0,0,60200,0,60200,0,0,0,0
3061,gab,Gabon,1979,30200,0,0,30200,0,30200,0,0,0,0
3062,gab,Gabon,1980,20000,0,0,20000,0,20000,0,0,0,0
3063,gab,Gabon,1981,400,0,0,400,0,400,0,0,0,0
3064,gab,Gabon,1982,640,0,0,640,0,640,0,0,0,0
3065,gab,Gabon,1983,0,0,0,0,0,0,0,0,0,0
3066,gab,Gabon,1984,0,0,0,0,0,0,0,0,0,0
3067,gab,Gabon,1985,0,0,0,0,0,0,0,0,0,0
3068,gab,Gabon,1986,100,0,0,100,0,100,0,0,0,0
3069,gab,Gabon,1987,0,0,0,0,0,0,0,0,0,0
3070,gab,Gabon,1988,0,0,0,0,0,0,0,0,0,0
3071,gab,Gabon,1989,0,0,0,0,0,0,0,0,0,0
3072,gab,Gabon,1990,417,0,0,417,0,417,0,0,0,0
3073,gab,Gabon,1991,220,0,0,220,0,220,0,0,0,0
3074,gab,Gabon,1992,272,0,0,272,0,272,17,0,17,17
3075,gab,Gabon,1993,0,0,0,0,0,0,17,0,17,17
3076,gab,Gabon,1994,597,0,0,597,0,597,22,0,22,22
3077,gab,Gabon,1995,790,0,0,790,0,790,27,0,27,27
3078,gab,Gabon,1996,797,0,0,797,0,797,22,0,22,22
3079,gab,Gabon,1997,864,0,0,864,0,864,17,0,17,17
3080,gab,Gabon,1998,1127,0,0,1127,0,1127,27,0,27,27
3081,gab,Gabon,1999,15069,0,0,15069,0,15069,27,0,27,27
3082,gab,Gabon,2000,17978,3037,0,21015,0,21015,27,13,40,40
3083,gab,Gabon,2001,15576,3629,0,19205,0,19205,24,45,69,69
3084,gab,Gabon,2002,13468,5664,0,19132,0,19132,34,52,86,86
3085,gab,Gabon,2003,13999,5122,0,19121,0,19121,37,34,71,71
3086,gab,Gabon,2004,13780,4837,0,18617,0,18617,50,26,76,76
3087,gab,Gabon,2005,8541,4844,0,13385,0,13385,78,55,133,133
3088,gab,Gabon,2006,8421,4127,0,12548,0,12548,96,40,136,136
3089,gab,Gabon,2007,8822,4258,0,13080,0,13080,116,21,137,137
3090,gab,Gabon,2008,8998,4296,0,13294,0,13294,132,23,155,155
3091,gab,Gabon,2009,8843,4277,0,13120,0,13120,145,33,178,178
3092,gab,Gabon,2010,9014,4121,0,13135,0,13135,167,37,204,204
3093,gab,Gabon,2011,1769,2357,0,4126,0,4126,180,35,215,215
3094,gab,Gabon,2012,1661,2368,0,4029,0,4029,189,56,245,245
3095,gab,Gabon,2013,1592,2428,0,4020,0,4020,180,104,284,284
3096,gab,Gabon,2014,1007,1884,0,2891,0,2891,179,116,295,295
3097,gab,Gabon,2015,934,1942,0,2876,0,2876,174,224,398,398
3098,gab,Gabon,2016,926,1911,0,2837,0,2837,167,431,598,598
3099,gab,Gabon,2017,845,5,0,850,0,850,216,696,912,912
3100,gab,Gabon,2018,686,82,0,768,0,768,342,739,1081,1081
3101,gab,Gabon,2019,454,76,0,530,0,530,440,893,1333,1333
3102,gab,Gabon,2020,467,80,0,547,0,547,454,1115,1569,1569
3103,gab,Gabon,2021,272,53,0,325,0,325,620,902,1522,1522
3104,gab,Gabon,2022,205,75,0,280,0,280,772,717,1489,1489
3105,gab,Gabon,2023,205,76,0,281,0,281,825,706,1531,1531
3106,gmb,Gambia,1990,77,0,0,77,0,77,5,0,5,5
3107,gmb,Gambia,1991,240,0,0,240,0,240,16,0,16,16
3108,gmb,Gambia,1992,3632,0,0,3632,0,3632,25,0,25,25
3109,gmb,Gambia,1993,2182,0,0,2182,0,2182,27,0,27,27
3110,gmb,Gambia,1994,2206,0,0,2206,0,2206,24,0,24,24
3111,gmb,Gambia,1995,6598,0,0,6598,0,6598,156,0,156,156
3112,gmb,Gambia,1996,6923,0,0,6923,0,6923,308,0,308,308
3113,gmb,Gambia,1997,7276,0,0,7276,0,7276,421,0,421,421
3114,gmb,Gambia,1998,10316,0,0,10316,0,10316,574,0,574,574
3115,gmb,Gambia,1999,17216,0,0,17216,0,17216,678,0,678,678
3116,gmb,Gambia,2000,12016,223,0,12239,0,12239,751,280,1031,1031
3117,gmb,Gambia,2001,8131,223,0,8354,0,8354,732,301,1033,1033
3118,gmb,Gambia,2002,12117,0,0,12117,0,12117,858,286,1144,1144
3119,gmb,Gambia,2003,7461,0,0,7461,0,7461,744,341,1085,1085
3120,gmb,Gambia,2004,7339,600,0,7939,0,7939,684,439,1123,1123
3121,gmb,Gambia,2005,7328,600,0,7928,0,7928,1680,659,2339,2339
3122,gmb,Gambia,2006,13758,600,0,14358,0,14358,1249,1006,2255,2255
3123,gmb,Gambia,2007,14892,0,0,14892,0,14892,1257,996,2253,2253
3124,gmb,Gambia,2008,14833,0,0,14833,0,14833,1336,1128,2464,2464
3125,gmb,Gambia,2009,10113,68,0,10181,0,10181,1966,1155,3121,3121
3126,gmb,Gambia,2010,8373,74,0,8447,0,8447,2233,1044,3277,3277
3127,gmb,Gambia,2011,9523,25,0,9548,0,9548,2572,1179,3751,3751
3128,gmb,Gambia,2012,9846,0,0,9846,0,9846,3063,1753,4816,4816
3129,gmb,Gambia,2013,9557,0,0,9557,0,9557,3382,3817,7199,7199
3130,gmb,Gambia,2014,11606,0,0,11606,0,11606,5122,10476,15598,15598
3131,gmb,Gambia,2015,7851,0,0,7851,0,7851,8473,12820,21293,21293
3132,gmb,Gambia,2016,7936,0,0,7936,0,7936,11589,18888,30477,30477
3133,gmb,Gambia,2017,8039,5,0,8044,0,8044,14564,22214,36778,36778
3134,gmb,Gambia,2018,4027,349,0,4376,0,4376,17237,14016,31253,31253
3135,gmb,Gambia,2019,4302,206,0,4508,0,4508,17813,9161,26974,26974
3136,gmb,Gambia,2020,4378,207,0,4585,0,4585,10579,7091,17670,17670
3137,gmb,Gambia,2021,4418,207,0,4625,0,4625,11042,5731,16773,16773
3138,gmb,Gambia,2022,3685,198,0,3883,0,3883,10698,4854,15552,15552
3139,gmb,Gambia,2023,3749,425,0,4174,0,4174,10964,5334,16298,16298
3140,geo,Georgia,1993,0,0,0,0,260000,260000,6010,0,6010,266010
3141,geo,Georgia,1994,0,0,0,0,280000,280000,5114,0,5114,285114
3142,geo,Georgia,1995,100,0,0,100,272400,272500,305,0,305,272705
3143,geo,Georgia,1996,95,0,0,95,272359,272454,48485,0,48485,320844
3144,geo,Georgia,1997,161,0,0,161,273386,273547,47159,0,47159,320545
3145,geo,Georgia,1998,19,0,0,19,277006,277025,35665,0,35665,312671
3146,geo,Georgia,1999,5181,0,0,5181,278533,283714,29873,0,29873,308406
3147,geo,Georgia,2000,7621,0,0,7621,272101,279722,21818,1469,23287,295388
3148,geo,Georgia,2001,7902,0,0,7902,264221,272123,17490,2525,20015,284236
3149,geo,Georgia,2002,4194,0,0,4194,261583,265777,16970,2762,19732,281315
3150,geo,Georgia,2003,3864,0,0,3864,260215,264079,12488,2988,15476,275691
3151,geo,Georgia,2004,2559,9,0,2568,237069,239637,6620,2783,9403,246472
3152,geo,Georgia,2005,2500,5,0,2505,234249,236754,7289,3005,10294,244543
3153,geo,Georgia,2006,1377,5,0,1382,245980,247362,6337,4375,10712,256692
3154,geo,Georgia,2007,1051,5,0,1056,273193,274249,11805,4061,15866,289059
3155,geo,Georgia,2008,1001,14,0,1015,329870,330885,12597,5089,17686,347556
3156,geo,Georgia,2009,872,21,0,893,352640,353533,15015,4759,19774,372414
3157,geo,Georgia,2010,638,42,0,680,359716,360396,10636,7185,17821,377537
3158,geo,Georgia,2011,461,36,0,497,273997,274494,10115,2957,13072,287069
3159,geo,Georgia,2012,468,451,0,919,279778,280697,9266,4575,13841,293619
3160,geo,Georgia,2013,847,325,0,1172,257611,258783,6787,11558,18345,275956
3161,geo,Georgia,2014,858,1240,0,2098,262704,264802,6687,7803,14490,277194
3162,geo,Georgia,2015,1973,720,0,2693,268416,271109,6505,9245,15750,284166
3163,geo,Georgia,2016,2122,305,0,2427,273765,276192,6405,14147,20552,294317
3164,geo,Georgia,2017,2089,530,0,2619,278103,280722,6535,16466,23001,301104
3165,geo,Georgia,2018,1987,677,0,2664,282382,285046,6983,21006,27989,310371
3166,geo,Georgia,2019,1355,1111,0,2466,286216,288682,7519,19734,27253,313469
3167,geo,Georgia,2020,1780,1282,0,3062,288538,291600,7346,15408,22754,311292
3168,geo,Georgia,2021,1818,1229,0,3047,290156,293203,9754,16648,26402,316558
3169,geo,Georgia,2022,27839,1030,0,28869,292856,321725,13389,29166,42555,335411
3170,geo,Georgia,2023,26096,931,0,27027,294431,321458,14426,35523,49949,344380
3171,deu,Germany,1951,265000,0,0,265000,0,265000,0,0,0,0
3172,deu,Germany,1952,240000,0,0,240000,0,240000,0,0,0,0
3173,deu,Germany,1953,228000,0,0,228000,0,228000,0,0,0,0
3174,deu,Germany,1954,225000,0,0,225000,0,225000,0,0,0,0
3175,deu,Germany,1955,219000,0,0,219000,0,219000,0,0,0,0
3176,deu,Germany,1956,221000,0,0,221000,0,221000,0,0,0,0
3177,deu,Germany,1957,217000,0,0,217000,0,217000,0,0,0,0
3178,deu,Germany,1958,212000,0,0,212000,0,212000,0,0,0,0
3179,deu,Germany,1959,205000,0,0,205000,0,205000,0,0,0,0
3180,deu,Germany,1960,197000,0,0,197000,0,197000,0,0,0,0
3181,deu,Germany,1961,190000,0,0,190000,0,190000,0,0,0,0
3182,deu,Germany,1962,185000,0,0,185000,0,185000,0,0,0,0
3183,deu,Germany,1963,182000,0,0,182000,0,182000,0,0,0,0
3184,deu,Germany,1964,180000,0,0,180000,0,180000,0,0,0,0
3185,deu,Germany,1965,180000,0,0,180000,0,180000,0,0,0,0
3186,deu,Germany,1966,140000,0,0,140000,0,140000,0,0,0,0
3187,deu,Germany,1967,112000,0,0,112000,0,112000,0,0,0,0
3188,deu,Germany,1968,110000,0,0,110000,0,110000,0,0,0,0
3189,deu,Germany,1969,113000,0,0,113000,0,113000,0,0,0,0
3190,deu,Germany,1970,115000,0,0,115000,0,115000,0,0,0,0
3191,deu,Germany,1971,125000,0,0,125000,0,125000,0,0,0,0
3192,deu,Germany,1972,125000,0,0,125000,0,125000,0,0,0,0
3193,deu,Germany,1973,125000,0,0,125000,0,125000,0,0,0,0
3194,deu,Germany,1974,123000,0,0,123000,0,123000,0,0,0,0
3195,deu,Germany,1975,122000,0,0,122000,0,122000,0,0,0,0
3196,deu,Germany,1976,122000,0,0,122000,0,122000,0,0,0,0
3197,deu,Germany,1977,120000,0,0,120000,0,120000,0,0,0,0
3198,deu,Germany,1978,83500,0,0,83500,0,83500,0,0,0,0
3199,deu,Germany,1979,87000,0,0,87000,0,87000,0,0,0,0
3200,deu,Germany,1980,94000,0,0,94000,0,94000,0,0,0,0
3201,deu,Germany,1981,100000,0,0,100000,0,100000,0,0,0,0
3202,deu,Germany,1982,100000,0,0,100000,0,100000,0,0,0,0
3203,deu,Germany,1983,115000,0,0,115000,0,115000,0,0,0,0
3204,deu,Germany,1984,126600,0,0,126600,0,126600,0,0,0,0
3205,deu,Germany,1985,475000,0,0,475000,0,475000,0,0,0,0
3206,deu,Germany,1986,547900,0,0,547900,0,547900,0,0,0,0
3207,deu,Germany,1987,596200,0,0,596200,0,596200,0,0,0,0
3208,deu,Germany,1988,610200,0,0,610200,0,610200,0,0,0,0
3209,deu,Germany,1989,628500,0,0,628500,0,628500,0,0,0,0
3210,deu,Germany,1990,816000,0,0,816000,0,816000,0,0,0,0
3211,deu,Germany,1991,821500,0,0,821500,0,821500,5,0,5,5
3212,deu,Germany,1992,1236000,0,0,1236000,0,1236000,5,0,5,5
3213,deu,Germany,1993,1418000,0,0,1418000,0,1418000,8,0,8,8
3214,deu,Germany,1994,1354600,0,0,1354600,0,1354600,449,0,449,449
3215,deu,Germany,1995,1267900,0,0,1267900,0,1267900,384,0,384,384
3216,deu,Germany,1996,1266000,0,0,1266000,0,1266000,421,0,421,421
3217,deu,Germany,1997,1049000,0,0,1049000,0,1049000,443,0,443,443
3218,deu,Germany,1998,949200,0,0,949200,0,949200,689,0,689,689
3219,deu,Germany,1999,975500,0,0,975500,0,975500,1297,0,1297,1297
3220,deu,Germany,2000,906000,70234,0,976234,0,976234,1182,57,1239,1239
3221,deu,Germany,2001,903000,85493,0,988493,0,988493,1028,52,1080,1080
3222,deu,Germany,2002,980001,163975,0,1143976,0,1143976,924,73,997,997
3223,deu,Germany,2003,960393,128042,0,1088435,0,1088435,719,61,780,780
3224,deu,Germany,2004,876614,86124,0,962738,0,962738,74,61,135,135
3225,deu,Germany,2005,699996,71598,0,771594,0,771594,75,65,140,140
3226,deu,Germany,2006,605329,52785,0,658114,0,658114,114,80,194,194
3227,deu,Germany,2007,578866,34014,0,612880,0,612880,126,67,193,193
3228,deu,Germany,2008,582719,33263,0,615982,0,615982,162,100,262,262
3229,deu,Germany,2009,593787,38875,0,632662,0,632662,167,81,248,248
3230,deu,Germany,2010,594250,51930,0,646180,0,646180,159,30,189,189
3231,deu,Germany,2011,571672,62654,0,634326,0,634326,169,29,198,198
3232,deu,Germany,2012,589735,85507,0,675242,0,675242,174,21,195,195
3233,deu,Germany,2013,187545,135515,0,323060,0,323060,164,73,237,237
3234,deu,Germany,2014,216956,226147,0,443103,0,443103,170,77,247,247
3235,deu,Germany,2015,316098,420570,0,736668,0,736668,153,86,239,239
3236,deu,Germany,2016,669468,587306,0,1256774,0,1256774,67,128,195,195
3237,deu,Germany,2017,970357,429265,0,1399622,0,1399622,66,179,245,245
3238,deu,Germany,2018,1063835,369239,0,1433074,0,1433074,61,176,237,237
3239,deu,Germany,2019,1146682,309231,0,1455913,0,1455913,69,201,270,270
3240,deu,Germany,2020,1210596,243157,0,1453753,0,1453753,71,166,237,237
3241,deu,Germany,2021,1255694,253867,0,1509561,0,1509561,59,248,307,307
3242,deu,Germany,2022,2075445,261019,0,2336464,0,2336464,162,539,701,701
3243,deu,Germany,2023,2509506,349034,0,2858540,0,2858540,148,545,693,693
3244,gha,Ghana,1961,0,0,0,0,0,0,5000,0,5000,5000
3245,gha,Ghana,1962,0,0,0,0,0,0,5000,0,5000,5000
3246,gha,Ghana,1963,0,0,0,0,0,0,5000,0,5000,5000
3247,gha,Ghana,1964,0,0,0,0,0,0,5000,0,5000,5000
3248,gha,Ghana,1965,0,0,0,0,0,0,5000,0,5000,5000
3249,gha,Ghana,1966,0,0,0,0,0,0,0,0,0,0
3250,gha,Ghana,1967,0,0,0,0,0,0,0,0,0,0
3251,gha,Ghana,1968,0,0,0,0,0,0,0,0,0,0
3252,gha,Ghana,1969,20000,0,0,20000,0,20000,0,0,0,0
3253,gha,Ghana,1970,0,0,0,0,0,0,0,0,0,0
3254,gha,Ghana,1971,70,0,0,70,0,70,0,0,0,0
3255,gha,Ghana,1972,0,0,0,0,0,0,0,0,0,0
3256,gha,Ghana,1973,0,0,0,0,0,0,0,0,0,0
3257,gha,Ghana,1974,0,0,0,0,0,0,0,0,0,0
3258,gha,Ghana,1975,130,0,0,130,0,130,0,0,0,0
3259,gha,Ghana,1976,180,0,0,180,0,180,0,0,0,0
3260,gha,Ghana,1977,170,0,0,170,0,170,0,0,0,0
3261,gha,Ghana,1978,70,0,0,70,0,70,0,0,0,0
3262,gha,Ghana,1979,300,0,0,300,0,300,0,0,0,0
3263,gha,Ghana,1980,0,0,0,0,0,0,0,0,0,0
3264,gha,Ghana,1981,0,0,0,0,0,0,0,0,0,0
3265,gha,Ghana,1982,100,0,0,100,0,100,310,0,310,310
3266,gha,Ghana,1983,90,0,0,90,0,90,1958,0,1958,1958
3267,gha,Ghana,1984,90,0,0,90,0,90,2202,0,2202,2202
3268,gha,Ghana,1985,120,0,0,120,0,120,3195,0,3195,3195
3269,gha,Ghana,1986,160,0,0,160,0,160,2699,0,2699,2699
3270,gha,Ghana,1987,150,0,0,150,0,150,3916,0,3916,3916
3271,gha,Ghana,1988,140,0,0,140,0,140,4769,0,4769,4769
3272,gha,Ghana,1989,80,0,0,80,0,80,4716,0,4716,4716
3273,gha,Ghana,1990,8123,0,0,8123,0,8123,4690,0,4690,4690
3274,gha,Ghana,1991,8128,0,0,8128,0,8128,4702,0,4702,4702
3275,gha,Ghana,1992,12114,0,0,12114,0,12114,4776,0,4776,4776
3276,gha,Ghana,1993,150095,0,0,150095,0,150095,4471,0,4471,4471
3277,gha,Ghana,1994,113665,0,0,113665,174400,288065,14284,0,14284,188684
3278,gha,Ghana,1995,83201,0,0,83201,0,83201,13594,0,13594,13594
3279,gha,Ghana,1996,35613,0,0,35613,0,35613,15100,0,15100,15100
3280,gha,Ghana,1997,22853,0,0,22853,0,22853,14772,0,14772,14772
3281,gha,Ghana,1998,14558,0,0,14558,0,14558,13625,0,13625,13625
3282,gha,Ghana,1999,13256,0,0,13256,0,13256,13288,0,13288,13288
3283,gha,Ghana,2000,12714,440,0,13154,0,13154,14760,989,15749,15749
3284,gha,Ghana,2001,11787,2389,0,14176,0,14176,14547,1095,15642,15642
3285,gha,Ghana,2002,33506,8758,0,42264,0,42264,15675,1149,16824,16824
3286,gha,Ghana,2003,43948,4082,0,48030,0,48030,15866,1662,17528,17528
3287,gha,Ghana,2004,42049,6013,0,48062,0,48062,14759,1650,16409,16409
3288,gha,Ghana,2005,53534,5501,0,59035,0,59035,18421,2327,20748,20748
3289,gha,Ghana,2006,44938,5591,0,50529,0,50529,9949,1132,11081,11081
3290,gha,Ghana,2007,34955,447,0,35402,0,35402,5042,1636,6678,6678
3291,gha,Ghana,2008,18201,495,0,18696,0,18696,13225,1996,15221,15221
3292,gha,Ghana,2009,13655,595,0,14250,0,14250,14876,1319,16195,16195
3293,gha,Ghana,2010,13828,748,0,14576,0,14576,20175,1996,22171,22171
3294,gha,Ghana,2011,13588,12637,0,26225,0,26225,20333,2493,22826,22826
3295,gha,Ghana,2012,16012,2603,0,18615,0,18615,24269,3469,27738,27738
3296,gha,Ghana,2013,18681,1838,0,20519,0,20519,21048,4977,26025,26025
3297,gha,Ghana,2014,18448,2634,0,21082,0,21082,22116,7619,29735,29735
3298,gha,Ghana,2015,17404,1850,0,19254,0,19254,22962,10705,33667,33667
3299,gha,Ghana,2016,11866,1365,0,13231,0,13231,15527,11846,27373,27373
3300,gha,Ghana,2017,12153,1303,0,13456,0,13456,16959,17504,34463,34463
3301,gha,Ghana,2018,11896,1312,0,13208,0,13208,18071,12542,30613,30613
3302,gha,Ghana,2019,11946,1509,0,13455,0,13455,18432,10551,28983,28983
3303,gha,Ghana,2020,12406,1511,0,13917,0,13917,13844,10092,23936,23936
3304,gha,Ghana,2021,11894,1879,0,13773,0,13773,14251,9177,23428,23428
3305,gha,Ghana,2022,8531,2517,0,11048,0,11048,14949,8783,23732,23732
3306,gha,Ghana,2023,6866,4209,0,11075,0,11075,14733,8943,23676,23676
3307,grc,Greece,1951,18000,0,0,18000,0,18000,0,0,0,0
3308,grc,Greece,1952,19000,0,0,19000,0,19000,0,0,0,0
3309,grc,Greece,1953,18500,0,0,18500,0,18500,0,0,0,0
3310,grc,Greece,1954,19000,0,0,19000,0,19000,0,0,0,0
3311,grc,Greece,1955,17400,0,0,17400,0,17400,0,0,0,0
3312,grc,Greece,1956,16000,0,0,16000,0,16000,0,0,0,0
3313,grc,Greece,1957,16000,0,0,16000,0,16000,0,0,0,0
3314,grc,Greece,1958,15700,0,0,15700,0,15700,0,0,0,0
3315,grc,Greece,1959,15500,0,0,15500,0,15500,0,0,0,0
3316,grc,Greece,1960,15500,0,0,15500,0,15500,0,0,0,0
3317,grc,Greece,1961,15200,0,0,15200,0,15200,0,0,0,0
3318,grc,Greece,1962,15700,0,0,15700,0,15700,0,0,0,0
3319,grc,Greece,1963,15400,0,0,15400,0,15400,0,0,0,0
3320,grc,Greece,1964,16000,0,0,16000,0,16000,0,0,0,0
3321,grc,Greece,1965,15560,0,0,15560,0,15560,17690,0,17690,17690
3322,grc,Greece,1966,15300,0,0,15300,0,15300,7090,0,7090,7090
3323,grc,Greece,1967,12270,0,0,12270,0,12270,23420,0,23420,23420
3324,grc,Greece,1968,8260,0,0,8260,0,8260,21820,0,21820,21820
3325,grc,Greece,1969,6330,0,0,6330,0,6330,21590,0,21590,21590
3326,grc,Greece,1970,5710,0,0,5710,0,5710,21290,0,21290,21290
3327,grc,Greece,1971,5780,0,0,5780,0,5780,1480,0,1480,1480
3328,grc,Greece,1972,3350,0,0,3350,0,3350,6610,0,6610,6610
3329,grc,Greece,1973,2940,0,0,2940,0,2940,5900,0,5900,5900
3330,grc,Greece,1974,2710,0,0,2710,0,2710,580,0,580,580
3331,grc,Greece,1975,2600,0,0,2600,0,2600,510,0,510,510
3332,grc,Greece,1976,2560,0,0,2560,0,2560,450,0,450,450
3333,grc,Greece,1977,2610,0,0,2610,0,2610,410,0,410,410
3334,grc,Greece,1978,2520,0,0,2520,0,2520,380,0,380,380
3335,grc,Greece,1979,3770,0,0,3770,0,3770,360,0,360,360
3336,grc,Greece,1980,3750,0,0,3750,0,3750,340,0,340,340
3337,grc,Greece,1981,3990,0,0,3990,0,3990,320,0,320,320
3338,grc,Greece,1982,3950,0,0,3950,0,3950,300,0,300,300
3339,grc,Greece,1983,4090,0,0,4090,0,4090,280,0,280,280
3340,grc,Greece,1984,4320,0,0,4320,0,4320,260,0,260,260
3341,grc,Greece,1985,4360,0,0,4360,0,4360,0,0,0,0
3342,grc,Greece,1986,3280,0,0,3280,0,3280,0,0,0,0
3343,grc,Greece,1987,4630,0,0,4630,0,4630,0,0,0,0
3344,grc,Greece,1988,8262,0,0,8262,0,8262,6,0,6,6
3345,grc,Greece,1989,7490,0,0,7490,0,7490,6,0,6,6
3346,grc,Greece,1990,8488,0,0,8488,0,8488,16,0,16,16
3347,grc,Greece,1991,8989,0,0,8989,0,8989,6,0,6,6
3348,grc,Greece,1992,8456,0,0,8456,0,8456,0,0,0,0
3349,grc,Greece,1993,7859,0,0,7859,0,7859,0,0,0,0
3350,grc,Greece,1994,7773,0,0,7773,0,7773,93,0,93,93
3351,grc,Greece,1995,4428,0,0,4428,0,4428,221,0,221,221
3352,grc,Greece,1996,5780,0,0,5780,0,5780,247,0,247,247
3353,grc,Greece,1997,5520,0,0,5520,0,5520,175,0,175,175
3354,grc,Greece,1998,6145,0,0,6145,0,6145,173,0,173,173
3355,grc,Greece,1999,6283,0,0,6283,0,6283,163,0,163,163
3356,grc,Greece,2000,6653,2372,0,9025,0,9025,124,25,149,149
3357,grc,Greece,2001,6927,6244,0,13171,0,13171,93,49,142,142
3358,grc,Greece,2002,2778,1801,0,4579,0,4579,296,40,336,336
3359,grc,Greece,2003,2762,7251,0,10013,0,10013,268,37,305,305
3360,grc,Greece,2004,2479,7363,0,9842,0,9842,221,32,253,253
3361,grc,Greece,2005,2394,8857,0,11251,0,11251,333,43,376,376
3362,grc,Greece,2006,2292,13499,0,15791,0,15791,93,23,116,116
3363,grc,Greece,2007,2228,28448,0,30676,0,30676,92,10,102,102
3364,grc,Greece,2008,2169,38035,0,40204,0,40204,67,15,82,82
3365,grc,Greece,2009,1700,48201,0,49901,0,49901,61,21,82,82
3366,grc,Greece,2010,1443,55714,0,57157,0,57157,52,36,88,88
3367,grc,Greece,2011,1566,43942,0,45508,0,45508,54,38,92,92
3368,grc,Greece,2012,2090,36183,0,38273,0,38273,48,127,175,175
3369,grc,Greece,2013,3468,49800,0,53268,0,53268,88,100,188,188
3370,grc,Greece,2014,10292,31898,0,42190,0,42190,108,59,167,167
3371,grc,Greece,2015,24831,26122,0,50953,0,50953,111,65,176,176
3372,grc,Greece,2016,46411,39960,0,86371,0,86371,101,76,177,177
3373,grc,Greece,2017,38988,44188,0,83176,0,83176,106,95,201,201
3374,grc,Greece,2018,61446,76057,0,137503,0,137503,107,128,235,235
3375,grc,Greece,2019,80454,105684,0,186138,0,186138,95,133,228,228
3376,grc,Greece,2020,103101,60873,0,163974,0,163974,90,122,212,212
3377,grc,Greece,2021,119650,37047,0,156697,0,156697,87,171,258,258
3378,grc,Greece,2022,160761,22139,0,182900,0,182900,125,194,319,319
3379,grc,Greece,2023,169393,17785,0,187178,0,187178,119,230,349,349
3380,grd,Grenada,1988,0,0,0,0,0,0,9,0,9,9
3381,grd,Grenada,1989,0,0,0,0,0,0,5,0,5,5
3382,grd,Grenada,1990,0,0,0,0,0,0,5,0,5,5
3383,grd,Grenada,1991,0,0,0,0,0,0,5,0,5,5
3384,grd,Grenada,1992,0,0,0,0,0,0,0,0,0,0
3385,grd,Grenada,1993,0,0,0,0,0,0,0,0,0,0
3386,grd,Grenada,1994,0,0,0,0,0,0,5,0,5,5
3387,grd,Grenada,1995,0,0,0,0,0,0,6,0,6,6
3388,grd,Grenada,1996,0,0,0,0,0,0,10,0,10,10
3389,grd,Grenada,1997,0,0,0,0,0,0,11,0,11,11
3390,grd,Grenada,1998,0,0,0,0,0,0,19,0,19,19
3391,grd,Grenada,1999,0,0,0,0,0,0,35,0,35,35
3392,grd,Grenada,2000,0,0,0,0,0,0,23,89,112,112
3393,grd,Grenada,2001,0,0,0,0,0,0,53,175,228,228
3394,grd,Grenada,2002,0,0,0,0,0,0,73,374,447,447
3395,grd,Grenada,2003,0,0,0,0,0,0,76,258,334,334
3396,grd,Grenada,2004,0,0,0,0,0,0,98,121,219,219
3397,grd,Grenada,2005,0,0,0,0,0,0,151,101,252,252
3398,grd,Grenada,2006,0,0,0,0,0,0,199,41,240,240
3399,grd,Grenada,2007,0,0,0,0,0,0,293,63,356,356
3400,grd,Grenada,2008,0,0,0,0,0,0,310,65,375,375
3401,grd,Grenada,2009,0,0,0,0,0,0,332,88,420,420
3402,grd,Grenada,2010,0,5,0,5,0,5,344,63,407,407
3403,grd,Grenada,2011,5,0,0,5,0,5,325,45,370,370
3404,grd,Grenada,2012,0,0,0,0,0,0,316,49,365,365
3405,grd,Grenada,2013,0,0,0,0,0,0,330,41,371,371
3406,grd,Grenada,2014,0,0,0,0,0,0,324,52,376,376
3407,grd,Grenada,2015,0,0,0,0,0,0,270,51,321,321
3408,grd,Grenada,2016,0,0,0,0,0,0,100,63,163,163
3409,grd,Grenada,2017,0,0,0,0,0,0,103,62,165,165
3410,grd,Grenada,2018,0,0,0,0,0,0,96,59,155,155
3411,grd,Grenada,2019,0,0,0,0,0,0,80,89,169,169
3412,grd,Grenada,2020,0,0,234,234,0,234,70,81,151,151
3413,grd,Grenada,2021,0,0,234,234,0,234,52,97,149,149
3414,grd,Grenada,2022,0,0,0,0,0,0,51,116,167,167
3415,grd,Grenada,2023,0,0,0,0,0,0,54,138,192,192
3416,gtm,Guatemala,1972,160,0,0,160,0,160,0,0,0,0
3417,gtm,Guatemala,1973,0,0,0,0,0,0,0,0,0,0
3418,gtm,Guatemala,1974,0,0,0,0,0,0,0,0,0,0
3419,gtm,Guatemala,1975,0,0,0,0,0,0,0,0,0,0
3420,gtm,Guatemala,1976,0,0,0,0,0,0,0,0,0,0
3421,gtm,Guatemala,1977,0,0,0,0,0,0,0,0,0,0
3422,gtm,Guatemala,1978,0,0,0,0,0,0,0,0,0,0
3423,gtm,Guatemala,1979,0,0,0,0,0,0,0,0,0,0
3424,gtm,Guatemala,1980,4130,0,0,4130,0,4130,750,0,750,750
3425,gtm,Guatemala,1981,100000,0,0,100000,0,100000,1910,0,1910,1910
3426,gtm,Guatemala,1982,70000,0,0,70000,0,70000,36490,0,36490,36490
3427,gtm,Guatemala,1983,70000,0,0,70000,0,70000,41800,0,41800,41800
3428,gtm,Guatemala,1984,70000,0,0,70000,0,70000,47880,0,47880,47880
3429,gtm,Guatemala,1985,12000,0,0,12000,0,12000,52890,0,52890,52890
3430,gtm,Guatemala,1986,12000,0,0,12000,0,12000,52800,0,52800,52800
3431,gtm,Guatemala,1987,12000,0,0,12000,0,12000,53700,0,53700,53700
3432,gtm,Guatemala,1988,223100,0,0,223100,0,223100,53753,0,53753,53753
3433,gtm,Guatemala,1989,223100,0,0,223100,0,223100,45413,0,45413,45413
3434,gtm,Guatemala,1990,223377,0,0,223377,0,223377,47988,0,47988,47988
3435,gtm,Guatemala,1991,223236,0,0,223236,0,223236,52584,0,52584,52584
3436,gtm,Guatemala,1992,222929,0,0,222929,0,222929,53940,0,53940,53940
3437,gtm,Guatemala,1993,4689,0,0,4689,0,4689,50265,0,50265,50265
3438,gtm,Guatemala,1994,4672,0,0,4672,8000,12672,49606,0,49606,57606
3439,gtm,Guatemala,1995,1497,0,0,1497,13700,15197,42901,0,42901,56601
3440,gtm,Guatemala,1996,1560,0,0,1560,11200,12760,40341,0,40341,51541
3441,gtm,Guatemala,1997,1501,0,0,1501,1650,3151,37506,0,37506,39156
3442,gtm,Guatemala,1998,814,0,0,814,0,814,32745,0,32745,32745
3443,gtm,Guatemala,1999,731,0,0,731,0,731,28082,0,28082,28082
3444,gtm,Guatemala,2000,720,5,0,725,0,725,20709,101803,122512,122512
3445,gtm,Guatemala,2001,724,9,0,733,0,733,16868,99542,116410,116410
3446,gtm,Guatemala,2002,732,7,0,739,0,739,13892,96112,110004,110004
3447,gtm,Guatemala,2003,714,0,0,714,0,714,6696,88582,95278,95278
3448,gtm,Guatemala,2004,655,0,0,655,0,655,4374,58642,63016,63016
3449,gtm,Guatemala,2005,388,0,0,388,0,388,3376,31848,35224,35224
3450,gtm,Guatemala,2006,379,0,0,379,0,379,6493,20532,27025,27025
3451,gtm,Guatemala,2007,377,0,0,377,0,377,6157,14998,21155,21155
3452,gtm,Guatemala,2008,127,5,0,132,0,132,5927,10243,16170,16170
3453,gtm,Guatemala,2009,127,0,0,127,0,127,5763,9104,14867,14867
3454,gtm,Guatemala,2010,137,0,0,137,0,137,5675,1023,6698,6698
3455,gtm,Guatemala,2011,148,5,0,153,0,153,6087,1105,7192,7192
3456,gtm,Guatemala,2012,157,5,0,162,0,162,6389,1325,7714,7714
3457,gtm,Guatemala,2013,154,14,0,168,0,168,6620,8435,15055,15055
3458,gtm,Guatemala,2014,160,97,0,257,0,257,7487,15800,23287,23287
3459,gtm,Guatemala,2015,222,123,0,345,0,345,10284,26951,37235,37235
3460,gtm,Guatemala,2016,295,0,0,295,0,295,12549,46222,58771,58771
3461,gtm,Guatemala,2017,360,28,0,388,0,388,16284,72726,89010,89010
3462,gtm,Guatemala,2018,380,251,0,631,0,631,19128,86875,106003,106003
3463,gtm,Guatemala,2019,408,631,0,1039,0,1039,22770,119521,142291,142291
3464,gtm,Guatemala,2020,442,784,0,1226,0,1226,24544,146111,170655,170655
3465,gtm,Guatemala,2021,479,1470,1469,3418,0,3418,26927,160428,187355,187355
3466,gtm,Guatemala,2022,701,1519,0,2220,0,2220,30259,166901,197160,197160
3467,gtm,Guatemala,2023,788,1863,0,2651,0,2651,32220,169416,201636,201636
3468,gin,Guinea,1971,0,0,0,0,0,0,300,0,300,300
3469,gin,Guinea,1972,0,0,0,0,0,0,0,0,0,0
3470,gin,Guinea,1973,0,0,0,0,0,0,0,0,0,0
3471,gin,Guinea,1974,0,0,0,0,0,0,0,0,0,0
3472,gin,Guinea,1975,0,0,0,0,0,0,300000,0,300000,300000
3473,gin,Guinea,1976,0,0,0,0,0,0,500000,0,500000,500000
3474,gin,Guinea,1977,0,0,0,0,0,0,3000,0,3000,3000
3475,gin,Guinea,1978,0,0,0,0,0,0,0,0,0,0
3476,gin,Guinea,1979,0,0,0,0,0,0,0,0,0,0
3477,gin,Guinea,1980,0,0,0,0,0,0,0,0,0,0
3478,gin,Guinea,1981,0,0,0,0,0,0,0,0,0,0
3479,gin,Guinea,1982,0,0,0,0,0,0,50,0,50,50
3480,gin,Guinea,1983,0,0,0,0,0,0,0,0,0,0
3481,gin,Guinea,1984,0,0,0,0,0,0,70,0,70,70
3482,gin,Guinea,1985,0,0,0,0,0,0,0,0,0,0
3483,gin,Guinea,1986,0,0,0,0,0,0,50,0,50,50
3484,gin,Guinea,1987,0,0,0,0,0,0,50,0,50,50
3485,gin,Guinea,1988,0,0,0,0,0,0,50,0,50,50
3486,gin,Guinea,1989,0,0,0,0,0,0,50,0,50,50
3487,gin,Guinea,1990,325000,0,0,325000,0,325000,0,0,0,0
3488,gin,Guinea,1991,547961,0,0,547961,0,547961,0,0,0,0
3489,gin,Guinea,1992,478491,0,0,478491,0,478491,16,0,16,16
3490,gin,Guinea,1993,577156,0,0,577156,0,577156,27,0,27,27
3491,gin,Guinea,1994,553236,0,0,553236,0,553236,101,0,101,101
3492,gin,Guinea,1995,672293,0,0,672293,0,672293,441,0,441,441
3493,gin,Guinea,1996,663849,0,0,663849,0,663849,520,0,520,520
3494,gin,Guinea,1997,435294,0,0,435294,0,435294,641,0,641,641
3495,gin,Guinea,1998,482463,0,0,482463,0,482463,911,0,911,911
3496,gin,Guinea,1999,501544,0,0,501544,0,501544,1148,0,1148,1148
3497,gin,Guinea,2000,427210,0,0,427210,0,427210,1489,2523,4012,4012
3498,gin,Guinea,2001,178446,872,0,179318,0,179318,2009,3857,5866,5866
3499,gin,Guinea,2002,182164,371,0,182535,0,182535,3417,3804,7221,7221
3500,gin,Guinea,2003,184339,2545,0,186884,0,186884,3868,3161,7029,7029
3501,gin,Guinea,2004,139240,6317,0,145557,0,145557,4777,2479,7256,7256
3502,gin,Guinea,2005,63519,3809,0,67328,0,67328,5816,3268,9084,9084
3503,gin,Guinea,2006,31466,3883,0,35349,0,35349,6830,2658,9488,9488
3504,gin,Guinea,2007,25220,4017,0,29237,0,29237,8269,1924,10193,10193
3505,gin,Guinea,2008,21485,628,0,22113,0,22113,9481,2012,11493,11493
3506,gin,Guinea,2009,15322,923,0,16245,0,16245,10912,2819,13731,13731
3507,gin,Guinea,2010,14110,763,0,14873,0,14873,11978,2769,14747,14747
3508,gin,Guinea,2011,16606,604,0,17210,0,17210,13164,4641,17805,17805
3509,gin,Guinea,2012,10369,530,0,10899,0,10899,14062,9504,23566,23566
3510,gin,Guinea,2013,8554,309,0,8863,0,8863,14559,11604,26163,26163
3511,gin,Guinea,2014,8763,283,0,9046,0,9046,15247,17813,33060,33060
3512,gin,Guinea,2015,8835,199,0,9034,0,9034,16995,17832,34827,34827
3513,gin,Guinea,2016,5067,104,0,5171,0,5171,17536,24389,41925,41925
3514,gin,Guinea,2017,5156,108,0,5264,0,5264,20333,34518,54851,54851
3515,gin,Guinea,2018,4294,1578,0,5872,0,5872,23493,33045,56538,56538
3516,gin,Guinea,2019,4964,1980,0,6944,0,6944,26857,30409,57266,57266
3517,gin,Guinea,2020,6029,3543,0,9572,0,9572,26792,31566,58358,58358
3518,gin,Guinea,2021,5741,253,0,5994,0,5994,34403,26458,60861,60861
3519,gin,Guinea,2022,2199,53,0,2252,0,2252,35244,25242,60486,60486
3520,gin,Guinea,2023,2201,54,0,2255,0,2255,38089,27479,65568,65568
3521,gnb,Guinea-Bissau,1963,0,0,0,0,0,0,6000,0,6000,6000
3522,gnb,Guinea-Bissau,1964,0,0,0,0,0,0,30000,0,30000,30000
3523,gnb,Guinea-Bissau,1965,0,0,0,0,0,0,50000,0,50000,50000
3524,gnb,Guinea-Bissau,1966,0,0,0,0,0,0,61050,0,61050,61050
3525,gnb,Guinea-Bissau,1967,0,0,0,0,0,0,59520,0,59520,59520
3526,gnb,Guinea-Bissau,1968,0,0,0,0,0,0,56740,0,56740,56740
3527,gnb,Guinea-Bissau,1969,0,0,0,0,0,0,67800,0,67800,67800
3528,gnb,Guinea-Bissau,1970,0,0,0,0,0,0,66660,0,66660,66660
3529,gnb,Guinea-Bissau,1971,0,0,0,0,0,0,80000,0,80000,80000
3530,gnb,Guinea-Bissau,1972,0,0,0,0,0,0,82000,0,82000,82000
3531,gnb,Guinea-Bissau,1973,0,0,0,0,0,0,84000,0,84000,84000
3532,gnb,Guinea-Bissau,1974,0,0,0,0,0,0,90000,0,90000,90000
3533,gnb,Guinea-Bissau,1975,0,0,0,0,0,0,46000,0,46000,46000
3534,gnb,Guinea-Bissau,1976,0,0,0,0,0,0,37000,0,37000,37000
3535,gnb,Guinea-Bissau,1977,0,0,0,0,0,0,5000,0,5000,5000
3536,gnb,Guinea-Bissau,1978,0,0,0,0,0,0,5000,0,5000,5000
3537,gnb,Guinea-Bissau,1979,0,0,0,0,0,0,5000,0,5000,5000
3538,gnb,Guinea-Bissau,1980,0,0,0,0,0,0,5000,0,5000,5000
3539,gnb,Guinea-Bissau,1981,110,0,0,110,0,110,4000,0,4000,4000
3540,gnb,Guinea-Bissau,1982,0,0,0,0,0,0,5000,0,5000,5000
3541,gnb,Guinea-Bissau,1983,0,0,0,0,0,0,5000,0,5000,5000
3542,gnb,Guinea-Bissau,1984,0,0,0,0,0,0,5010,0,5010,5010
3543,gnb,Guinea-Bissau,1985,0,0,0,0,0,0,5350,0,5350,5350
3544,gnb,Guinea-Bissau,1986,0,0,0,0,0,0,5355,0,5355,5355
3545,gnb,Guinea-Bissau,1987,0,0,0,0,0,0,5000,0,5000,5000
3546,gnb,Guinea-Bissau,1988,0,0,0,0,0,0,4999,0,4999,4999
3547,gnb,Guinea-Bissau,1989,0,0,0,0,0,0,5001,0,5001,5001
3548,gnb,Guinea-Bissau,1990,3004,0,0,3004,0,3004,5001,0,5001,5001
3549,gnb,Guinea-Bissau,1991,4631,0,0,4631,0,4631,5006,0,5006,5006
3550,gnb,Guinea-Bissau,1992,12163,0,0,12163,0,12163,5006,0,5006,5006
3551,gnb,Guinea-Bissau,1993,20727,0,0,20727,0,20727,5006,0,5006,5006
3552,gnb,Guinea-Bissau,1994,23909,0,0,23909,0,23909,5011,0,5011,5011
3553,gnb,Guinea-Bissau,1995,15350,0,0,15350,0,15350,830,0,830,830
3554,gnb,Guinea-Bissau,1996,15401,0,0,15401,0,15401,854,0,854,854
3555,gnb,Guinea-Bissau,1997,15982,0,0,15982,0,15982,865,0,865,865
3556,gnb,Guinea-Bissau,1998,6604,0,0,6604,195550,202154,8885,0,8885,204435
3557,gnb,Guinea-Bissau,1999,7120,0,0,7120,0,7120,3187,0,3187,3187
3558,gnb,Guinea-Bissau,2000,7587,48,0,7635,0,7635,880,689,1569,1569
3559,gnb,Guinea-Bissau,2001,7332,371,0,7703,0,7703,917,748,1665,1665
3560,gnb,Guinea-Bissau,2002,7639,38,0,7677,0,7677,978,277,1255,1255
3561,gnb,Guinea-Bissau,2003,7552,77,0,7629,0,7629,969,224,1193,1193
3562,gnb,Guinea-Bissau,2004,7537,139,0,7676,0,7676,1008,199,1207,1207
3563,gnb,Guinea-Bissau,2005,7615,161,0,7776,0,7776,1042,243,1285,1285
3564,gnb,Guinea-Bissau,2006,7801,313,0,8114,0,8114,1000,285,1285,1285
3565,gnb,Guinea-Bissau,2007,7863,341,0,8204,0,8204,1018,247,1265,1265
3566,gnb,Guinea-Bissau,2008,7885,325,0,8210,0,8210,1053,256,1309,1309
3567,gnb,Guinea-Bissau,2009,7897,291,0,8188,0,8188,1100,317,1417,1417
3568,gnb,Guinea-Bissau,2010,7675,323,0,7998,0,7998,1117,338,1455,1455
3569,gnb,Guinea-Bissau,2011,7796,88,0,7884,0,7884,1118,486,1604,1604
3570,gnb,Guinea-Bissau,2012,7780,95,0,7875,0,7875,1173,898,2071,2071
3571,gnb,Guinea-Bissau,2013,8535,104,0,8639,0,8639,1222,1193,2415,2415
3572,gnb,Guinea-Bissau,2014,8685,115,0,8800,0,8800,1306,1759,3065,3065
3573,gnb,Guinea-Bissau,2015,8685,115,0,8800,0,8800,1472,1921,3393,3393
3574,gnb,Guinea-Bissau,2016,9264,29,0,9293,0,9293,1650,1866,3516,3516
3575,gnb,Guinea-Bissau,2017,11207,11,0,11218,0,11218,1870,3502,5372,5372
3576,gnb,Guinea-Bissau,2018,4853,21,0,4874,0,4874,2043,2850,4893,4893
3577,gnb,Guinea-Bissau,2019,1846,30,0,1876,0,1876,2093,2665,4758,4758
3578,gnb,Guinea-Bissau,2020,1846,30,0,1876,0,1876,1638,2713,4351,4351
3579,gnb,Guinea-Bissau,2021,1846,30,0,1876,0,1876,2039,2546,4585,4585
3580,gnb,Guinea-Bissau,2022,24,30,0,54,0,54,2037,2291,4328,4328
3581,gnb,Guinea-Bissau,2023,24,30,0,54,0,54,2106,1223,3329,3329
3582,guy,Guyana,1972,100,0,0,100,0,100,0,0,0,0
3583,guy,Guyana,1973,0,0,0,0,0,0,0,0,0,0
3584,guy,Guyana,1974,200,0,0,200,0,200,0,0,0,0
3585,guy,Guyana,1975,0,0,0,0,0,0,0,0,0,0
3586,guy,Guyana,1976,0,0,0,0,0,0,0,0,0,0
3587,guy,Guyana,1977,0,0,0,0,0,0,0,0,0,0
3588,guy,Guyana,1978,0,0,0,0,0,0,0,0,0,0
3589,guy,Guyana,1979,0,0,0,0,0,0,0,0,0,0
3590,guy,Guyana,1980,0,0,0,0,0,0,0,0,0,0
3591,guy,Guyana,1981,0,0,0,0,0,0,0,0,0,0
3592,guy,Guyana,1982,0,0,0,0,0,0,0,0,0,0
3593,guy,Guyana,1983,0,0,0,0,0,0,0,0,0,0
3594,guy,Guyana,1984,0,0,0,0,0,0,0,0,0,0
3595,guy,Guyana,1985,0,0,0,0,0,0,0,0,0,0
3596,guy,Guyana,1986,0,0,0,0,0,0,0,0,0,0
3597,guy,Guyana,1987,0,0,0,0,0,0,0,0,0,0
3598,guy,Guyana,1988,0,0,0,0,0,0,0,0,0,0
3599,guy,Guyana,1989,0,0,0,0,0,0,0,0,0,0
3600,guy,Guyana,1990,0,0,0,0,0,0,0,0,0,0
3601,guy,Guyana,1991,0,0,0,0,0,0,0,0,0,0
3602,guy,Guyana,1992,0,0,0,0,0,0,0,0,0,0
3603,guy,Guyana,1993,0,0,0,0,0,0,0,0,0,0
3604,guy,Guyana,1994,0,0,0,0,0,0,69,0,69,69
3605,guy,Guyana,1995,0,0,0,0,0,0,59,0,59,59
3606,guy,Guyana,1996,0,0,0,0,0,0,54,0,54,54
3607,guy,Guyana,1997,0,0,0,0,0,0,37,0,37,37
3608,guy,Guyana,1998,0,0,0,0,0,0,38,0,38,38
3609,guy,Guyana,1999,0,0,0,0,0,0,47,0,47,47
3610,guy,Guyana,2000,0,0,0,0,0,0,35,201,236,236
3611,guy,Guyana,2001,0,0,0,0,0,0,36,378,414,414
3612,guy,Guyana,2002,0,0,0,0,0,0,50,1074,1124,1124
3613,guy,Guyana,2003,0,0,0,0,0,0,75,1296,1371,1371
3614,guy,Guyana,2004,0,0,0,0,0,0,191,668,859,859
3615,guy,Guyana,2005,0,0,0,0,0,0,405,385,790,790
3616,guy,Guyana,2006,0,0,0,0,0,0,535,300,835,835
3617,guy,Guyana,2007,0,0,0,0,0,0,676,243,919,919
3618,guy,Guyana,2008,0,0,0,0,0,0,707,276,983,983
3619,guy,Guyana,2009,0,0,0,0,0,0,724,323,1047,1047
3620,guy,Guyana,2010,7,0,0,7,0,7,746,170,916,916
3621,guy,Guyana,2011,7,0,0,7,0,7,768,102,870,870
3622,guy,Guyana,2012,7,0,0,7,0,7,800,73,873,873
3623,guy,Guyana,2013,12,0,0,12,0,12,800,136,936,936
3624,guy,Guyana,2014,12,0,0,12,0,12,700,148,848,848
3625,guy,Guyana,2015,12,0,0,12,0,12,508,223,731,731
3626,guy,Guyana,2016,12,0,0,12,0,12,269,296,565,565
3627,guy,Guyana,2017,17,0,0,17,0,17,260,482,742,742
3628,guy,Guyana,2018,25,12,36400,36437,0,36437,283,551,834,834
3629,guy,Guyana,2019,14,57,22000,22071,0,22071,284,676,960,960
3630,guy,Guyana,2020,23,72,23307,23402,0,23402,267,708,975,975
3631,guy,Guyana,2021,40,94,25800,25934,0,25934,285,856,1141,1141
3632,guy,Guyana,2022,12,163,19635,19810,0,19810,250,929,1179,1179
3633,guy,Guyana,2023,32,116,19635,19783,0,19783,248,1091,1339,1339
3634,hti,Haiti,1974,0,0,0,0,0,0,1000,0,1000,1000
3635,hti,Haiti,1975,0,0,0,0,0,0,0,0,0,0
3636,hti,Haiti,1976,0,0,0,0,0,0,0,0,0,0
3637,hti,Haiti,1977,0,0,0,0,0,0,0,0,0,0
3638,hti,Haiti,1978,0,0,0,0,0,0,300,0,300,300
3639,hti,Haiti,1979,0,0,0,0,0,0,3300,0,3300,3300
3640,hti,Haiti,1980,0,0,0,0,0,0,3800,0,3800,3800
3641,hti,Haiti,1981,0,0,0,0,0,0,5000,0,5000,5000
3642,hti,Haiti,1982,0,0,0,0,0,0,5000,0,5000,5000
3643,hti,Haiti,1983,0,0,0,0,0,0,5230,0,5230,5230
3644,hti,Haiti,1984,0,0,0,0,0,0,5440,0,5440,5440
3645,hti,Haiti,1985,0,0,0,0,0,0,6100,0,6100,6100
3646,hti,Haiti,1986,0,0,0,0,0,0,5120,0,5120,5120
3647,hti,Haiti,1987,0,0,0,0,0,0,5080,0,5080,5080
3648,hti,Haiti,1988,0,0,0,0,0,0,4699,0,4699,4699
3649,hti,Haiti,1989,0,0,0,0,0,0,3344,0,3344,3344
3650,hti,Haiti,1990,0,0,0,0,0,0,2092,0,2092,2092
3651,hti,Haiti,1991,0,0,0,0,0,0,1857,0,1857,1857
3652,hti,Haiti,1992,0,0,0,0,0,0,2483,0,2483,2483
3653,hti,Haiti,1993,0,0,0,0,0,0,3861,0,3861,3861
3654,hti,Haiti,1994,0,0,0,0,0,0,9800,0,9800,9800
3655,hti,Haiti,1995,0,0,0,0,0,0,13927,0,13927,13927
3656,hti,Haiti,1996,0,0,0,0,0,0,15119,0,15119,15119
3657,hti,Haiti,1997,0,0,0,0,0,0,15479,0,15479,15479
3658,hti,Haiti,1998,0,0,0,0,0,0,13539,0,13539,13539
3659,hti,Haiti,1999,0,0,0,0,0,0,8768,0,8768,8768
3660,hti,Haiti,2000,0,0,0,0,0,0,7564,19735,27299,27299
3661,hti,Haiti,2001,0,0,0,0,0,0,7246,21958,29204,29204
3662,hti,Haiti,2002,0,0,0,0,0,0,7722,22185,29907,29907
3663,hti,Haiti,2003,0,0,0,0,0,0,7550,18352,25902,25902
3664,hti,Haiti,2004,0,0,0,0,0,0,9209,16266,25475,25475
3665,hti,Haiti,2005,0,0,0,0,0,0,13538,13515,27053,27053
3666,hti,Haiti,2006,0,0,0,0,0,0,20834,10540,31374,31374
3667,hti,Haiti,2007,0,0,0,0,0,0,22275,10262,32537,32537
3668,hti,Haiti,2008,0,0,0,0,0,0,23059,12668,35727,35727
3669,hti,Haiti,2009,0,12,0,12,0,12,24110,11886,35996,35996
3670,hti,Haiti,2010,0,5,0,5,0,5,25886,7190,33076,33076
3671,hti,Haiti,2011,0,6,0,6,0,6,33652,7463,41115,41115
3672,hti,Haiti,2012,0,11,0,11,0,11,38559,2628,41187,41187
3673,hti,Haiti,2013,0,8,0,8,0,8,38644,5156,43800,43800
3674,hti,Haiti,2014,0,0,0,0,0,0,37147,6721,43868,43868
3675,hti,Haiti,2015,0,10,0,10,0,10,34762,9263,44025,44025
3676,hti,Haiti,2016,5,0,0,5,0,5,29671,22454,52125,52125
3677,hti,Haiti,2017,5,0,0,5,0,5,28424,37018,65442,65442
3678,hti,Haiti,2018,5,0,0,5,0,5,27517,40973,68490,68490
3679,hti,Haiti,2019,0,5,0,5,0,5,26734,65684,92418,92418
3680,hti,Haiti,2020,0,5,0,5,0,5,25649,80225,105874,105874
3681,hti,Haiti,2021,0,0,0,0,0,0,29454,135565,165019,165019
3682,hti,Haiti,2022,0,0,0,0,0,0,30307,177978,208285,208285
3683,hti,Haiti,2023,0,0,0,0,0,0,116463,195425,311888,311888
3684,hos,Holy See,2007,0,0,0,0,0,0,0,5,5,5
3685,hos,Holy See,2008,0,0,0,0,0,0,0,5,5,5
3686,hos,Holy See,2009,0,0,0,0,0,0,0,0,0,0
3687,hos,Holy See,2010,0,0,0,0,0,0,0,0,0,0
3688,hos,Holy See,2011,0,0,0,0,0,0,0,0,0,0
3689,hos,Holy See,2012,0,0,0,0,0,0,0,0,0,0
3690,hos,Holy See,2013,0,0,0,0,0,0,0,0,0,0
3691,hos,Holy See,2014,0,0,0,0,0,0,0,0,0,0
3692,hos,Holy See,2015,0,0,0,0,0,0,0,0,0,0
3693,hos,Holy See,2016,0,0,0,0,0,0,0,0,0,0
3694,hos,Holy See,2017,0,0,0,0,0,0,0,0,0,0
3695,hos,Holy See,2018,0,0,0,0,0,0,0,0,0,0
3696,hos,Holy See,2019,0,0,0,0,0,0,0,5,5,5
3697,hos,Holy See,2020,0,0,0,0,0,0,0,12,12,12
3698,hos,Holy See,2021,0,0,0,0,0,0,0,12,12,12
3699,hos,Holy See,2022,0,0,0,0,0,0,0,17,17,17
3700,hnd,Honduras,1972,70,0,0,70,0,70,0,0,0,0
3701,hnd,Honduras,1973,0,0,0,0,0,0,0,0,0,0
3702,hnd,Honduras,1974,0,0,0,0,0,0,0,0,0,0
3703,hnd,Honduras,1975,0,0,0,0,0,0,0,0,0,0
3704,hnd,Honduras,1976,0,0,0,0,0,0,0,0,0,0
3705,hnd,Honduras,1977,0,0,0,0,0,0,0,0,0,0
3706,hnd,Honduras,1978,15000,0,0,15000,0,15000,0,0,0,0
3707,hnd,Honduras,1979,130,0,0,130,0,130,0,0,0,0
3708,hnd,Honduras,1980,25000,0,0,25000,0,25000,0,0,0,0
3709,hnd,Honduras,1981,28000,0,0,28000,0,28000,0,0,0,0
3710,hnd,Honduras,1982,32170,0,0,32170,0,32170,0,0,0,0
3711,hnd,Honduras,1983,39650,0,0,39650,0,39650,0,0,0,0
3712,hnd,Honduras,1984,49200,0,0,49200,0,49200,0,0,0,0
3713,hnd,Honduras,1985,60000,0,0,60000,0,60000,0,0,0,0
3714,hnd,Honduras,1986,68000,0,0,68000,0,68000,100,0,100,100
3715,hnd,Honduras,1987,63000,0,0,63000,0,63000,0,0,0,0
3716,hnd,Honduras,1988,237100,0,0,237100,0,237100,0,0,0,0
3717,hnd,Honduras,1989,237188,0,0,237188,0,237188,5,0,5,5
3718,hnd,Honduras,1990,237100,0,0,237100,0,237100,18,0,18,18
3719,hnd,Honduras,1991,101961,0,0,101961,0,101961,21,0,21,21
3720,hnd,Honduras,1992,100348,0,0,100348,0,100348,41,0,41,41
3721,hnd,Honduras,1993,65,0,0,65,0,65,450,0,450,450
3722,hnd,Honduras,1994,106,0,0,106,0,106,1212,0,1212,1212
3723,hnd,Honduras,1995,63,0,0,63,0,63,1218,0,1218,1218
3724,hnd,Honduras,1996,63,0,0,63,0,63,1256,0,1256,1256
3725,hnd,Honduras,1997,9,0,0,9,0,9,1243,0,1243,1243
3726,hnd,Honduras,1998,9,0,0,9,0,9,1097,0,1097,1097
3727,hnd,Honduras,1999,8,0,0,8,0,8,1066,0,1066,1066
3728,hnd,Honduras,2000,12,6,0,18,0,18,904,1187,2091,2091
3729,hnd,Honduras,2001,20,5,0,25,0,25,783,1158,1941,1941
3730,hnd,Honduras,2002,28,5,0,33,0,33,675,1249,1924,1924
3731,hnd,Honduras,2003,23,0,0,23,0,23,606,1202,1808,1808
3732,hnd,Honduras,2004,24,21,0,45,0,45,485,1265,1750,1750
3733,hnd,Honduras,2005,21,48,0,69,0,69,536,1225,1761,1761
3734,hnd,Honduras,2006,21,0,0,21,0,21,1035,1356,2391,2391
3735,hnd,Honduras,2007,21,16,0,37,0,37,1236,671,1907,1907
3736,hnd,Honduras,2008,26,0,0,26,0,26,1116,941,2057,2057
3737,hnd,Honduras,2009,18,0,0,18,0,18,1165,997,2162,2162
3738,hnd,Honduras,2010,11,0,0,11,0,11,1300,815,2115,2115
3739,hnd,Honduras,2011,16,0,0,16,0,16,1967,847,2814,2814
3740,hnd,Honduras,2012,16,0,0,16,0,16,2612,804,3416,3416
3741,hnd,Honduras,2013,16,22,0,38,0,38,3299,5292,8591,8591
3742,hnd,Honduras,2014,28,14,0,42,0,42,4157,10136,14293,14293
3743,hnd,Honduras,2015,28,10,0,38,174000,174038,6847,19456,26303,200303
3744,hnd,Honduras,2016,16,10,0,26,174000,174026,10509,35198,45707,219707
3745,hnd,Honduras,2017,27,11,0,38,174000,174038,14424,59782,74206,248206
3746,hnd,Honduras,2018,28,55,0,83,174001,174084,18857,76526,95383,269384
3747,hnd,Honduras,2019,75,109,0,184,247090,247274,26351,122480,148831,395921
3748,hnd,Honduras,2020,85,116,0,201,247090,247291,34456,148935,183391,430481
3749,hnd,Honduras,2021,144,99,0,243,247090,247333,51687,169994,221681,468771
3750,hnd,Honduras,2022,165,107,0,272,247090,247362,64785,195584,260369,507459
3751,hnd,Honduras,2023,176,121,0,297,247090,247387,72341,209130,281471,528561
3752,hkg,"Hong Kong, China",1951,30000,0,0,30000,0,30000,0,0,0,0
3753,hkg,"Hong Kong, China",1952,0,0,0,0,0,0,0,0,0,0
3754,hkg,"Hong Kong, China",1953,0,0,0,0,0,0,0,0,0,0
3755,hkg,"Hong Kong, China",1954,22000,0,0,22000,0,22000,0,0,0,0
3756,hkg,"Hong Kong, China",1955,0,0,0,0,0,0,0,0,0,0
3757,hkg,"Hong Kong, China",1956,0,0,0,0,0,0,0,0,0,0
3758,hkg,"Hong Kong, China",1957,0,0,0,0,0,0,0,0,0,0
3759,hkg,"Hong Kong, China",1958,0,0,0,0,0,0,0,0,0,0
3760,hkg,"Hong Kong, China",1959,0,0,0,0,0,0,0,0,0,0
3761,hkg,"Hong Kong, China",1960,0,0,0,0,0,0,0,0,0,0
3762,hkg,"Hong Kong, China",1961,0,0,0,0,0,0,0,0,0,0
3763,hkg,"Hong Kong, China",1962,0,0,0,0,0,0,0,0,0,0
3764,hkg,"Hong Kong, China",1963,0,0,0,0,0,0,0,0,0,0
3765,hkg,"Hong Kong, China",1964,1120000,0,0,1120000,0,1120000,0,0,0,0
3766,hkg,"Hong Kong, China",1965,1251200,0,0,1251200,0,1251200,0,0,0,0
3767,hkg,"Hong Kong, China",1966,1250040,0,0,1250040,0,1250040,0,0,0,0
3768,hkg,"Hong Kong, China",1967,0,0,0,0,0,0,0,0,0,0
3769,hkg,"Hong Kong, China",1968,0,0,0,0,0,0,0,0,0,0
3770,hkg,"Hong Kong, China",1969,0,0,0,0,0,0,0,0,0,0
3771,hkg,"Hong Kong, China",1970,1000,0,0,1000,0,1000,0,0,0,0
3772,hkg,"Hong Kong, China",1971,1000,0,0,1000,0,1000,0,0,0,0
3773,hkg,"Hong Kong, China",1972,50,0,0,50,0,50,0,0,0,0
3774,hkg,"Hong Kong, China",1973,0,0,0,0,0,0,0,0,0,0
3775,hkg,"Hong Kong, China",1974,0,0,0,0,0,0,0,0,0,0
3776,hkg,"Hong Kong, China",1975,0,0,0,0,0,0,0,0,0,0
3777,hkg,"Hong Kong, China",1976,0,0,0,0,0,0,0,0,0,0
3778,hkg,"Hong Kong, China",1977,0,0,0,0,0,0,0,0,0,0
3779,hkg,"Hong Kong, China",1978,63410,0,0,63410,0,63410,0,0,0,0
3780,hkg,"Hong Kong, China",1979,55700,0,0,55700,0,55700,0,0,0,0
3781,hkg,"Hong Kong, China",1980,24070,0,0,24070,0,24070,0,0,0,0
3782,hkg,"Hong Kong, China",1981,13540,0,0,13540,0,13540,0,0,0,0
3783,hkg,"Hong Kong, China",1982,12620,0,0,12620,0,12620,0,0,0,0
3784,hkg,"Hong Kong, China",1983,12770,0,0,12770,0,12770,0,0,0,0
3785,hkg,"Hong Kong, China",1984,11960,0,0,11960,0,11960,0,0,0,0
3786,hkg,"Hong Kong, China",1985,9400,0,0,9400,0,9400,0,0,0,0
3787,hkg,"Hong Kong, China",1986,8000,0,0,8000,0,8000,0,0,0,0
3788,hkg,"Hong Kong, China",1987,9530,0,0,9530,0,9530,0,0,0,0
3789,hkg,"Hong Kong, China",1988,15359,0,0,15359,0,15359,0,0,0,0
3790,hkg,"Hong Kong, China",1989,12022,0,0,12022,0,12022,0,0,0,0
3791,hkg,"Hong Kong, China",1990,8161,0,0,8161,0,8161,0,0,0,0
3792,hkg,"Hong Kong, China",1991,4414,0,0,4414,0,4414,0,0,0,0
3793,hkg,"Hong Kong, China",1992,2605,0,0,2605,0,2605,0,0,0,0
3794,hkg,"Hong Kong, China",1993,1846,0,0,1846,0,1846,0,0,0,0
3795,hkg,"Hong Kong, China",1994,1698,0,0,1698,0,1698,257,0,257,257
3796,hkg,"Hong Kong, China",1995,1479,0,0,1479,0,1479,202,0,202,202
3797,hkg,"Hong Kong, China",1996,1350,0,0,1350,0,1350,102,0,102,102
3798,hkg,"Hong Kong, China",1997,1224,0,0,1224,0,1224,47,0,47,47
3799,hkg,"Hong Kong, China",1998,1037,0,0,1037,0,1037,39,0,39,39
3800,hkg,"Hong Kong, China",1999,973,0,0,973,0,973,17,0,17,17
3801,hkg,"Hong Kong, China",2000,980,41,0,1021,0,1021,10,8,18,18
3802,hkg,"Hong Kong, China",2001,1392,459,0,1851,0,1851,5,18,23,23
3803,hkg,"Hong Kong, China",2002,1490,171,0,1661,0,1661,0,17,17,17
3804,hkg,"Hong Kong, China",2003,1899,179,0,2078,0,2078,6,21,27,27
3805,hkg,"Hong Kong, China",2004,1865,655,0,2520,0,2520,7,10,17,17
3806,hkg,"Hong Kong, China",2005,1925,1078,0,3003,0,3003,0,19,19,19
3807,hkg,"Hong Kong, China",2006,1932,2382,0,4314,0,4314,8,18,26,26
3808,hkg,"Hong Kong, China",2007,89,1891,0,1980,0,1980,9,25,34,34
3809,hkg,"Hong Kong, China",2008,90,1088,0,1178,0,1178,9,49,58,58
3810,hkg,"Hong Kong, China",2009,78,769,0,847,0,847,10,66,76,76
3811,hkg,"Hong Kong, China",2010,149,451,0,600,0,600,16,81,97,97
3812,hkg,"Hong Kong, China",2011,146,574,0,720,0,720,14,5,19,19
3813,hkg,"Hong Kong, China",2012,105,798,0,903,0,903,18,64,82,82
3814,hkg,"Hong Kong, China",2013,113,1848,0,1961,0,1961,24,52,76,76
3815,hkg,"Hong Kong, China",2014,160,2223,0,2383,0,2383,25,38,63,63
3816,hkg,"Hong Kong, China",2015,109,2298,0,2407,0,2407,33,80,113,113
3817,hkg,"Hong Kong, China",2016,91,0,0,91,0,91,15,112,127,127
3818,hkg,"Hong Kong, China",2017,85,5,0,90,0,90,11,104,115,115
3819,hkg,"Hong Kong, China",2018,128,0,0,128,0,128,11,22,33,33
3820,hkg,"Hong Kong, China",2019,128,0,0,128,0,128,5,222,227,227
3821,hkg,"Hong Kong, China",2020,245,0,0,245,0,245,15,487,502,502
3822,hkg,"Hong Kong, China",2021,271,0,0,271,0,271,96,816,912,912
3823,hkg,"Hong Kong, China",2022,285,0,0,285,0,285,177,985,1162,1162
3824,hkg,"Hong Kong, China",2023,304,0,0,304,0,304,210,1014,1224,1224
3825,hun,Hungary,1965,0,0,0,0,0,0,3270,0,3270,3270
3826,hun,Hungary,1966,0,0,0,0,0,0,3270,0,3270,3270
3827,hun,Hungary,1967,0,0,0,0,0,0,3270,0,3270,3270
3828,hun,Hungary,1968,0,0,0,0,0,0,3270,0,3270,3270
3829,hun,Hungary,1969,0,0,0,0,0,0,3360,0,3360,3360
3830,hun,Hungary,1970,0,0,0,0,0,0,3490,0,3490,3490
3831,hun,Hungary,1971,0,0,0,0,0,0,220,0,220,220
3832,hun,Hungary,1972,0,0,0,0,0,0,210,0,210,210
3833,hun,Hungary,1973,0,0,0,0,0,0,170,0,170,170
3834,hun,Hungary,1974,0,0,0,0,0,0,150,0,150,150
3835,hun,Hungary,1975,0,0,0,0,0,0,140,0,140,140
3836,hun,Hungary,1976,0,0,0,0,0,0,50,0,50,50
3837,hun,Hungary,1977,0,0,0,0,0,0,0,0,0,0
3838,hun,Hungary,1978,0,0,0,0,0,0,120,0,120,120
3839,hun,Hungary,1979,0,0,0,0,0,0,0,0,0,0
3840,hun,Hungary,1980,0,0,0,0,0,0,763,0,763,763
3841,hun,Hungary,1981,0,0,0,0,0,0,744,0,744,744
3842,hun,Hungary,1982,0,0,0,0,0,0,728,0,728,728
3843,hun,Hungary,1983,0,0,0,0,0,0,607,0,607,607
3844,hun,Hungary,1984,0,0,0,0,0,0,430,0,430,430
3845,hun,Hungary,1985,0,0,0,0,0,0,435,0,435,435
3846,hun,Hungary,1986,0,0,0,0,0,0,381,0,381,381
3847,hun,Hungary,1987,0,0,0,0,0,0,329,0,329,329
3848,hun,Hungary,1988,0,0,0,0,0,0,3887,0,3887,3887
3849,hun,Hungary,1989,27000,0,0,27000,0,27000,4359,0,4359,4359
3850,hun,Hungary,1990,45123,0,0,45123,0,45123,5767,0,5767,5767
3851,hun,Hungary,1991,73838,0,0,73838,0,73838,4734,0,4734,4734
3852,hun,Hungary,1992,32412,0,0,32412,0,32412,3994,0,3994,3994
3853,hun,Hungary,1993,3019,0,0,3019,0,3019,5014,0,5014,5014
3854,hun,Hungary,1994,2904,0,0,2904,0,2904,4468,0,4468,4468
3855,hun,Hungary,1995,11394,0,0,11394,0,11394,2349,0,2349,2349
3856,hun,Hungary,1996,7537,0,0,7537,0,7537,3082,0,3082,3082
3857,hun,Hungary,1997,5890,0,0,5890,0,5890,2670,0,2670,2670
3858,hun,Hungary,1998,3504,0,0,3504,0,3504,1243,0,1243,1243
3859,hun,Hungary,1999,4980,0,0,4980,0,4980,797,0,797,797
3860,hun,Hungary,2000,5053,1627,0,6680,0,6680,512,1959,2471,2471
3861,hun,Hungary,2001,4700,2387,0,7087,0,7087,949,4152,5101,5101
3862,hun,Hungary,2002,6075,1049,0,7124,0,7124,3515,3119,6634,6634
3863,hun,Hungary,2003,7013,758,0,7771,0,7771,3394,1005,4399,4399
3864,hun,Hungary,2004,7702,340,0,8042,0,8042,2747,597,3344,3344
3865,hun,Hungary,2005,8040,665,0,8705,0,8705,3516,254,3770,3770
3866,hun,Hungary,2006,8068,513,0,8581,0,8581,3117,200,3317,3317
3867,hun,Hungary,2007,8124,1559,0,9683,0,9683,3384,89,3473,3473
3868,hun,Hungary,2008,7740,2514,0,10254,0,10254,1612,287,1899,1899
3869,hun,Hungary,2009,6041,641,0,6682,0,6682,1535,2452,3987,3987
3870,hun,Hungary,2010,5400,354,0,5754,0,5754,1435,3548,4983,4983
3871,hun,Hungary,2011,5085,360,0,5445,0,5445,1234,6006,7240,7240
3872,hun,Hungary,2012,4034,386,0,4420,0,4420,1085,3731,4816,4816
3873,hun,Hungary,2013,2422,1876,0,4298,0,4298,1218,1956,3174,3174
3874,hun,Hungary,2014,2854,15664,0,18518,0,18518,1264,337,1601,1601
3875,hun,Hungary,2015,4383,36671,0,41054,0,41054,1447,703,2150,2150
3876,hun,Hungary,2016,4736,3396,0,8132,0,8132,2909,1661,4570,4570
3877,hun,Hungary,2017,5671,666,0,6337,0,6337,3336,1656,4992,4992
3878,hun,Hungary,2018,6019,120,0,6139,0,6139,3927,804,4731,4731
3879,hun,Hungary,2019,5750,222,0,5972,0,5972,4007,671,4678,4678
3880,hun,Hungary,2020,5838,38,0,5876,0,5876,4617,602,5219,5219
3881,hun,Hungary,2021,5676,5,0,5681,0,5681,4653,608,5261,5261
3882,hun,Hungary,2022,35370,20,0,35390,0,35390,1953,1327,3280,3280
3883,hun,Hungary,2023,57939,5,0,57944,0,57944,1987,1626,3613,3613
3884,isl,Iceland,1990,85,0,0,85,0,85,0,0,0,0
3885,isl,Iceland,1991,141,0,0,141,0,141,0,0,0,0
3886,isl,Iceland,1992,154,0,0,154,0,154,0,0,0,0
3887,isl,Iceland,1993,160,0,0,160,0,160,0,0,0,0
3888,isl,Iceland,1994,160,0,0,160,0,160,0,0,0,0
3889,isl,Iceland,1995,197,0,0,197,0,197,0,0,0,0
3890,isl,Iceland,1996,232,0,0,232,0,232,5,0,5,5
3891,isl,Iceland,1997,252,0,0,252,0,252,5,0,5,5
3892,isl,Iceland,1998,286,0,0,286,0,286,5,0,5,5
3893,isl,Iceland,1999,245,0,0,245,0,245,5,0,5,5
3894,isl,Iceland,2000,235,5,0,240,0,240,5,0,5,5
3895,isl,Iceland,2001,204,15,0,219,0,219,0,0,0,0
3896,isl,Iceland,2002,197,13,0,210,0,210,13,0,13,13
3897,isl,Iceland,2003,226,0,0,226,0,226,11,5,16,16
3898,isl,Iceland,2004,226,5,0,231,0,231,8,6,14,14
3899,isl,Iceland,2005,284,10,0,294,0,294,10,0,10,10
3900,isl,Iceland,2006,254,11,0,265,0,265,32,0,32,32
3901,isl,Iceland,2007,41,12,0,53,0,53,10,0,10,10
3902,isl,Iceland,2008,39,25,0,64,0,64,10,0,10,10
3903,isl,Iceland,2009,58,5,0,63,0,63,5,0,5,5
3904,isl,Iceland,2010,72,25,0,97,0,97,5,0,5,5
3905,isl,Iceland,2011,55,56,0,111,0,111,0,0,0,0
3906,isl,Iceland,2012,55,87,0,142,0,142,0,0,0,0
3907,isl,Iceland,2013,72,267,0,339,0,339,0,5,5,5
3908,isl,Iceland,2014,93,210,0,303,0,303,0,5,5,5
3909,isl,Iceland,2015,170,159,0,329,0,329,0,5,5,5
3910,isl,Iceland,2016,245,324,0,569,0,569,0,5,5,5
3911,isl,Iceland,2017,361,327,0,688,0,688,5,0,5,5
3912,isl,Iceland,2018,549,437,0,986,0,986,5,5,10,10
3913,isl,Iceland,2019,894,365,0,1259,0,1259,5,5,10,10
3914,isl,Iceland,2020,1460,181,0,1641,0,1641,5,0,5,5
3915,isl,Iceland,2021,1830,306,0,2136,0,2136,5,7,12,12
3916,isl,Iceland,2022,5240,981,0,6221,0,6221,0,13,13,13
3917,isl,Iceland,2023,6193,2827,0,9020,0,9020,0,5,5,5
3918,ind,India,1964,44000,0,0,44000,0,44000,0,0,0,0
3919,ind,India,1965,45000,0,0,45000,0,45000,0,0,0,0
3920,ind,India,1966,45000,0,0,45000,0,45000,0,0,0,0
3921,ind,India,1967,50000,0,0,50000,0,50000,0,0,0,0
3922,ind,India,1968,55000,0,0,55000,0,55000,0,0,0,0
3923,ind,India,1969,56150,0,0,56150,0,56150,0,0,0,0
3924,ind,India,1970,56500,0,0,56500,0,56500,0,0,0,0
3925,ind,India,1971,56180,0,0,56180,0,56180,0,0,0,0
3926,ind,India,1972,57680,0,0,57680,0,57680,0,0,0,0
3927,ind,India,1973,58840,0,0,58840,0,58840,0,0,0,0
3928,ind,India,1974,59900,0,0,59900,0,59900,0,0,0,0
3929,ind,India,1975,0,0,0,0,0,0,0,0,0,0
3930,ind,India,1976,0,0,0,0,0,0,0,0,0,0
3931,ind,India,1977,0,0,0,0,0,0,0,0,0,0
3932,ind,India,1978,0,0,0,0,0,0,0,0,0,0
3933,ind,India,1979,0,0,0,0,0,0,0,0,0,0
3934,ind,India,1980,0,0,0,0,0,0,0,0,0,0
3935,ind,India,1981,3510,0,0,3510,0,3510,0,0,0,0
3936,ind,India,1982,5010,0,0,5010,0,5010,0,0,0,0
3937,ind,India,1983,6930,0,0,6930,0,6930,0,0,0,0
3938,ind,India,1984,7200,0,0,7200,0,7200,0,0,0,0
3939,ind,India,1985,6720,0,0,6720,0,6720,0,0,0,0
3940,ind,India,1986,6440,0,0,6440,0,6440,0,0,0,0
3941,ind,India,1987,6720,0,0,6720,0,6720,0,0,0,0
3942,ind,India,1988,6645,0,0,6645,0,6645,10,0,10,10
3943,ind,India,1989,9549,0,0,9549,0,9549,13,0,13,13
3944,ind,India,1990,212743,0,0,212743,0,212743,197,0,197,197
3945,ind,India,1991,210569,0,0,210569,0,210569,406,0,406,406
3946,ind,India,1992,258372,0,0,258372,0,258372,1021,0,1021,1021
3947,ind,India,1993,262802,0,0,262802,0,262802,1491,0,1491,1491
3948,ind,India,1994,258342,0,0,258342,0,258342,3266,0,3266,3266
3949,ind,India,1995,227481,0,0,227481,0,227481,5011,0,5011,5011
3950,ind,India,1996,233371,0,0,233371,0,233371,7546,0,7546,7546
3951,ind,India,1997,223072,0,0,223072,0,223072,8918,0,8918,8918
3952,ind,India,1998,185516,0,0,185516,0,185516,9663,0,9663,9663
3953,ind,India,1999,180031,0,0,180031,0,180031,9846,0,9846,9846
3954,ind,India,2000,170940,58,0,170998,0,170998,11397,9786,21183,21183
3955,ind,India,2001,169548,204,0,169752,0,169752,11560,9748,21308,21308
3956,ind,India,2002,168853,493,0,169346,0,169346,14349,11060,25409,25409
3957,ind,India,2003,164754,530,0,165284,0,165284,13703,11456,25159,25159
3958,ind,India,2004,162683,304,0,162987,0,162987,13335,11708,25043,25043
3959,ind,India,2005,139284,296,0,139580,0,139580,16275,12169,28444,28444
3960,ind,India,2006,158358,671,0,159029,0,159029,17797,6745,24542,24542
3961,ind,India,2007,161534,2415,0,163949,0,163949,20455,7077,27532,27532
3962,ind,India,2008,184539,3774,0,188313,0,188313,19551,6867,26418,26418
3963,ind,India,2009,185318,5436,0,190754,0,190754,19496,4709,24205,24205
3964,ind,India,2010,184814,3741,0,188555,0,188555,17766,3856,21622,21622
3965,ind,India,2011,185118,3508,0,188626,0,188626,16226,4347,20573,20573
3966,ind,India,2012,185644,3549,0,189193,0,189193,14245,6654,20899,20899
3967,ind,India,2013,188391,3669,0,192060,0,192060,11032,12471,23503,23503
3968,ind,India,2014,199931,5057,0,204988,0,204988,10431,16698,27129,27129
3969,ind,India,2015,201379,6476,0,207855,0,207855,9882,24874,34756,34756
3970,ind,India,2016,197848,9209,0,207057,0,207057,7288,27939,35227,35227
3971,ind,India,2017,197142,10508,0,207650,0,207650,7926,40356,48282,48282
3972,ind,India,2018,195887,11938,0,207825,0,207825,9586,51802,61388,61388
3973,ind,India,2019,195103,12202,0,207305,0,207305,11787,65965,77752,77752
3974,ind,India,2020,195373,11217,0,206590,0,206590,12398,69959,82357,82357
3975,ind,India,2021,212413,13368,0,225781,0,225781,14230,78360,92590,92590
3976,ind,India,2022,242835,15794,0,258629,0,258629,20828,100389,121217,121217
3977,ind,India,2023,247822,12233,0,260055,0,260055,23243,118133,141376,141376
3978,idn,Indonesia,1978,2240,0,0,2240,0,2240,1000,0,1000,1000
3979,idn,Indonesia,1979,32330,0,0,32330,0,32330,1000,0,1000,1000
3980,idn,Indonesia,1980,8460,0,0,8460,0,8460,1000,0,1000,1000
3981,idn,Indonesia,1981,14900,0,0,14900,0,14900,150,0,150,150
3982,idn,Indonesia,1982,13220,0,0,13220,0,13220,2200,0,2200,2200
3983,idn,Indonesia,1983,10070,0,0,10070,0,10070,1230,0,1230,1230
3984,idn,Indonesia,1984,9500,0,0,9500,0,9500,11020,0,11020,11020
3985,idn,Indonesia,1985,8230,0,0,8230,0,8230,11800,0,11800,11800
3986,idn,Indonesia,1986,4020,0,0,4020,0,4020,11340,0,11340,11340
3987,idn,Indonesia,1987,2450,0,0,2450,0,2450,9680,0,9680,9680
3988,idn,Indonesia,1988,2434,0,0,2434,0,2434,9301,0,9301,9301
3989,idn,Indonesia,1989,999,0,0,999,0,999,7775,0,7775,7775
3990,idn,Indonesia,1990,3278,0,0,3278,0,3278,7168,0,7168,7168
3991,idn,Indonesia,1991,3157,0,0,3157,0,3157,6164,0,6164,6164
3992,idn,Indonesia,1992,3530,0,0,3530,0,3530,6829,0,6829,6829
3993,idn,Indonesia,1993,2402,0,0,2402,0,2402,7925,0,7925,7925
3994,idn,Indonesia,1994,97,0,0,97,0,97,8727,0,8727,8727
3995,idn,Indonesia,1995,19,0,0,19,0,19,9836,0,9836,9836
3996,idn,Indonesia,1996,61,0,0,61,0,61,11365,0,11365,11365
3997,idn,Indonesia,1997,29,0,0,29,0,29,8800,0,8800,8800
3998,idn,Indonesia,1998,51,0,0,51,0,51,9054,0,9054,9054
3999,idn,Indonesia,1999,162492,0,0,162492,0,162492,9023,0,9023,9023
4000,idn,Indonesia,2000,122611,367,0,122978,0,122978,9152,3618,12770,12770
4001,idn,Indonesia,2001,73542,793,0,74335,0,74335,8972,4600,13572,13572
4002,idn,Indonesia,2002,28593,228,0,28821,0,28821,9907,5316,15223,15223
4003,idn,Indonesia,2003,230,56,0,286,0,286,16240,7518,23758,23758
4004,idn,Indonesia,2004,164,43,0,207,0,207,27919,5771,33690,33690
4005,idn,Indonesia,2005,82,43,0,125,0,125,34383,4492,38875,38875
4006,idn,Indonesia,2006,291,259,0,550,0,550,34722,3267,37989,37989
4007,idn,Indonesia,2007,306,199,0,505,0,505,20549,2353,22902,22902
4008,idn,Indonesia,2008,360,346,0,706,0,706,19339,2221,21560,21560
4009,idn,Indonesia,2009,794,1760,0,2554,0,2554,18207,2002,20209,20209
4010,idn,Indonesia,2010,808,2058,0,2866,0,2866,16882,451,17333,17333
4011,idn,Indonesia,2011,1004,3226,0,4230,0,4230,16069,376,16445,16445
4012,idn,Indonesia,2012,1811,6107,0,7918,0,7918,15514,498,16012,16012
4013,idn,Indonesia,2013,3195,7087,0,10282,0,10282,14775,1117,15892,15892
4014,idn,Indonesia,2014,4267,6904,0,11171,0,11171,14393,1765,16158,16158
4015,idn,Indonesia,2015,5954,7566,0,13520,0,13520,13947,2637,16584,16584
4016,idn,Indonesia,2016,7824,6558,0,14382,0,14382,13056,3581,16637,16637
4017,idn,Indonesia,2017,9782,4016,0,13798,0,13798,12485,5384,17869,17869
4018,idn,Indonesia,2018,10786,3196,0,13982,0,13982,12148,3395,15543,15543
4019,idn,Indonesia,2019,10287,3343,0,13630,0,13630,12039,4323,16362,16362
4020,idn,Indonesia,2020,10114,3597,0,13711,0,13711,13029,4940,17969,17969
4021,idn,Indonesia,2021,9982,3116,0,13098,0,13098,13962,5872,19834,19834
4022,idn,Indonesia,2022,9785,2889,0,12674,0,12674,11761,10017,21778,21778
4023,idn,Indonesia,2023,9227,2930,0,12157,0,12157,11820,11079,22899,22899
4024,irn,Iran,1962,2000,0,0,2000,0,2000,0,0,0,0
4025,irn,Iran,1963,1500,0,0,1500,0,1500,0,0,0,0
4026,irn,Iran,1964,0,0,0,0,0,0,0,0,0,0
4027,irn,Iran,1965,0,0,0,0,0,0,0,0,0,0
4028,irn,Iran,1966,0,0,0,0,0,0,0,0,0,0
4029,irn,Iran,1967,0,0,0,0,0,0,0,0,0,0
4030,irn,Iran,1968,300,0,0,300,0,300,0,0,0,0
4031,irn,Iran,1969,300,0,0,300,0,300,0,0,0,0
4032,irn,Iran,1970,0,0,0,0,0,0,0,0,0,0
4033,irn,Iran,1971,0,0,0,0,0,0,0,0,0,0
4034,irn,Iran,1972,0,0,0,0,0,0,0,0,0,0
4035,irn,Iran,1973,0,0,0,0,0,0,0,0,0,0
4036,irn,Iran,1974,0,0,0,0,0,0,0,0,0,0
4037,irn,Iran,1975,0,0,0,0,0,0,0,0,0,0
4038,irn,Iran,1976,0,0,0,0,0,0,0,0,0,0
4039,irn,Iran,1977,0,0,0,0,0,0,0,0,0,0
4040,irn,Iran,1978,0,0,0,0,0,0,0,0,0,0
4041,irn,Iran,1979,130100,0,0,130100,0,130100,0,0,0,0
4042,irn,Iran,1980,330000,0,0,330000,0,330000,48,0,48,48
4043,irn,Iran,1981,1565000,0,0,1565000,0,1565000,803,0,803,803
4044,irn,Iran,1982,1700060,0,0,1700060,0,1700060,2480,0,2480,2480
4045,irn,Iran,1983,1900060,0,0,1900060,0,1900060,5577,0,5577,5577
4046,irn,Iran,1984,2000000,0,0,2000000,0,2000000,5244,0,5244,5244
4047,irn,Iran,1985,2300000,0,0,2300000,0,2300000,88245,0,88245,88245
4048,irn,Iran,1986,2590000,0,0,2590000,0,2590000,87921,0,87921,87921
4049,irn,Iran,1987,2760000,0,0,2760000,0,2760000,10992,0,10992,10992
4050,irn,Iran,1988,2850000,0,0,2850000,0,2850000,58259,0,58259,58259
4051,irn,Iran,1989,2850000,0,0,2850000,0,2850000,52798,0,52798,52798
4052,irn,Iran,1990,4174401,0,0,4174401,0,4174401,75889,0,75889,75889
4053,irn,Iran,1991,4404995,0,0,4404995,0,4404995,130366,0,130366,130366
4054,irn,Iran,1992,4150723,0,0,4150723,0,4150723,128781,0,128781,128781
4055,irn,Iran,1993,2495038,0,0,2495038,0,2495038,115516,0,115516,115516
4056,irn,Iran,1994,2236350,0,0,2236350,0,2236350,121288,0,121288,121288
4057,irn,Iran,1995,2071988,0,0,2071988,0,2071988,112360,0,112360,112360
4058,irn,Iran,1996,2030359,0,0,2030359,0,2030359,104122,0,104122,104122
4059,irn,Iran,1997,1982553,0,0,1982553,0,1982553,93986,0,93986,93986
4060,irn,Iran,1998,1931332,0,0,1931332,0,1931332,89967,0,89967,89967
4061,irn,Iran,1999,1835688,0,0,1835688,0,1835688,86845,0,86845,86845
4062,irn,Iran,2000,1868000,12228,0,1880228,0,1880228,88266,20622,108888,108888
4063,irn,Iran,2001,1868000,0,0,1868000,0,1868000,92490,14138,106628,106628
4064,irn,Iran,2002,1306599,5,0,1306604,0,1306604,138362,13180,151542,151542
4065,irn,Iran,2003,984895,0,0,984895,0,984895,122530,11359,133889,133889
4066,irn,Iran,2004,1045975,48,0,1046023,0,1046023,115171,9519,124690,124690
4067,irn,Iran,2005,974301,138,0,974439,0,974439,99430,12879,112309,112309
4068,irn,Iran,2006,968368,1017,0,969385,0,969385,102479,13707,116186,116186
4069,irn,Iran,2007,963544,1184,0,964728,0,964728,68398,10374,78772,78772
4070,irn,Iran,2008,980104,1705,0,981809,0,981809,69051,11148,80199,80199
4071,irn,Iran,2009,1070483,1851,0,1072334,0,1072334,72771,13734,86505,86505
4072,irn,Iran,2010,1073363,1767,0,1075130,0,1075130,68785,16055,84840,84840
4073,irn,Iran,2011,886465,442,0,886907,0,886907,72366,18450,90816,90816
4074,irn,Iran,2012,868239,18,0,868257,0,868257,75932,24043,99975,99975
4075,irn,Iran,2013,857352,46,0,857398,0,857398,75061,28780,103841,103841
4076,irn,Iran,2014,982025,42,0,982067,0,982067,82202,34884,117086,117086
4077,irn,Iran,2015,979435,42,0,979477,0,979477,84950,57081,142031,142031
4078,irn,Iran,2016,979435,91,0,979526,0,979526,94102,87535,181637,181637
4079,irn,Iran,2017,979435,84,0,979519,0,979519,118639,75079,193718,193718
4080,irn,Iran,2018,979435,33,0,979468,0,979468,129941,87367,217308,217308
4081,irn,Iran,2019,979435,33,0,979468,0,979468,128998,86093,215091,215091
4082,irn,Iran,2020,800025,34,0,800059,0,800059,135018,77229,212247,212247
4083,irn,Iran,2021,798343,34,0,798377,0,798377,142994,68940,211934,211934
4084,irn,Iran,2022,3425091,34,0,3425125,0,3425125,122764,69237,192001,192001
4085,irn,Iran,2023,3443522,7,0,3443529,0,3443529,147238,77798,225036,225036
4086,irq,Iraq,1968,0,0,0,0,0,0,2700,0,2700,2700
4087,irq,Iraq,1969,0,0,0,0,0,0,2700,0,2700,2700
4088,irq,Iraq,1970,0,0,0,0,0,0,0,0,0,0
4089,irq,Iraq,1971,0,0,0,0,0,0,0,0,0,0
4090,irq,Iraq,1972,0,0,0,0,0,0,0,0,0,0
4091,irq,Iraq,1973,0,0,0,0,0,0,0,0,0,0
4092,irq,Iraq,1974,0,0,0,0,0,0,0,0,0,0
4093,irq,Iraq,1975,0,0,0,0,0,0,0,0,0,0
4094,irq,Iraq,1976,0,0,0,0,0,0,0,0,0,0
4095,irq,Iraq,1977,0,0,0,0,0,0,0,0,0,0
4096,irq,Iraq,1978,0,0,0,0,0,0,560,0,560,560
4097,irq,Iraq,1979,400,0,0,400,0,400,31000,0,31000,31000
4098,irq,Iraq,1980,400,0,0,400,0,400,31098,0,31098,31098
4099,irq,Iraq,1981,1200,0,0,1200,0,1200,66589,0,66589,66589
4100,irq,Iraq,1982,1200,0,0,1200,0,1200,103766,0,103766,103766
4101,irq,Iraq,1983,1200,0,0,1200,0,1200,103721,0,103721,103721
4102,irq,Iraq,1984,1200,0,0,1200,0,1200,101724,0,101724,101724
4103,irq,Iraq,1985,83200,0,0,83200,0,83200,401503,0,401503,401503
4104,irq,Iraq,1986,111000,0,0,111000,0,111000,400745,0,400745,400745
4105,irq,Iraq,1987,1000,0,0,1000,0,1000,410818,0,410818,410818
4106,irq,Iraq,1988,0,0,0,0,0,0,508468,0,508468,508468
4107,irq,Iraq,1989,0,0,0,0,0,0,507986,0,507986,507986
4108,irq,Iraq,1990,900,0,0,900,0,900,1133805,0,1133805,1133805
4109,irq,Iraq,1991,87990,0,0,87990,0,87990,1321853,0,1321853,1321853
4110,irq,Iraq,1992,115000,0,0,115000,0,115000,1343824,0,1343824,1343824
4111,irq,Iraq,1993,109066,0,0,109066,0,109066,771074,0,771074,771074
4112,irq,Iraq,1994,119581,0,0,119581,0,119581,749833,0,749833,749833
4113,irq,Iraq,1995,116722,0,0,116722,0,116722,718717,0,718717,718717
4114,irq,Iraq,1996,112957,0,0,112957,32000,144957,714727,0,714727,746727
4115,irq,Iraq,1997,104032,0,0,104032,35055,139087,707342,0,707342,742397
4116,irq,Iraq,1998,104022,0,0,104022,0,104022,675030,0,675030,675030
4117,irq,Iraq,1999,128913,0,0,128913,0,128913,642875,0,642875,642875
4118,irq,Iraq,2000,127787,945,0,128732,0,128732,526165,40630,566795,566795
4119,irq,Iraq,2001,128142,394,0,128536,0,128536,530508,34826,565334,565334
4120,irq,Iraq,2002,134190,437,0,134627,0,134627,422504,29641,452145,452145
4121,irq,Iraq,2003,46721,437,0,47158,0,47158,368577,31591,400168,400168
4122,irq,Iraq,2004,46053,1353,0,47406,0,47406,311889,30619,342508,342508
4123,irq,Iraq,2005,50177,1948,0,52125,1200000,1252125,262302,34438,296740,1496740
4124,irq,Iraq,2006,44406,2180,0,46586,1834368,1880954,1450908,47294,1498202,3332570
4125,irq,Iraq,2007,42352,2413,0,44765,2385865,2430630,2309246,27667,2336913,4722778
4126,irq,Iraq,2008,39503,2059,0,41562,2647251,2688813,1903516,25654,1929170,4576421
4127,irq,Iraq,2009,35213,3794,0,39007,1552003,1591010,1785215,22372,1807587,3359590
4128,irq,Iraq,2010,34647,3072,0,37719,1343568,1381287,1683576,29939,1713515,3057083
4129,irq,Iraq,2011,35184,4195,0,39379,1332382,1371761,1428306,24485,1452791,2785173
4130,irq,Iraq,2012,98818,4908,0,103726,1131810,1235536,746204,24239,770443,1902253
4131,irq,Iraq,2013,246294,5991,0,252285,954128,1206413,401461,43145,444606,1398734
4132,irq,Iraq,2014,271137,8468,0,279605,3596356,3875961,369960,103724,473684,4070040
4133,irq,Iraq,2015,277702,7414,0,285116,4403287,4688403,264086,237168,501254,4904541
4134,irq,Iraq,2016,261863,11488,0,273351,3604285,3877636,316056,278367,594423,4198708
4135,irq,Iraq,2017,277668,13035,0,290703,2615988,2906691,362536,272627,635163,3251151
4136,irq,Iraq,2018,283018,14013,0,297031,1802832,2099863,372332,256716,629048,2431880
4137,irq,Iraq,2019,273986,12938,0,286924,1414632,1701556,336274,302731,639005,2053637
4138,irq,Iraq,2020,270377,12670,0,283047,1224108,1507155,333200,272567,605767,1829875
4139,irq,Iraq,2021,280072,11508,0,291580,1186556,1478136,343899,254454,598353,1784909
4140,irq,Iraq,2022,273716,10621,0,284337,1168619,1452956,287446,228961,516407,1685026
4141,irq,Iraq,2023,279240,11246,0,290486,1157115,1447601,330667,223824,554491,1711606
4142,irl,Ireland,1984,500,0,0,500,0,500,0,0,0,0
4143,irl,Ireland,1985,600,0,0,600,0,600,0,0,0,0
4144,irl,Ireland,1986,600,0,0,600,0,600,0,0,0,0
4145,irl,Ireland,1987,540,0,0,540,0,540,0,0,0,0
4146,irl,Ireland,1988,480,0,0,480,0,480,0,0,0,0
4147,irl,Ireland,1989,420,0,0,420,0,420,0,0,0,0
4148,irl,Ireland,1990,360,0,0,360,0,360,0,0,0,0
4149,irl,Ireland,1991,300,0,0,300,0,300,0,0,0,0
4150,irl,Ireland,1992,500,0,0,500,0,500,0,0,0,0
4151,irl,Ireland,1993,119,0,0,119,0,119,0,0,0,0
4152,irl,Ireland,1994,400,0,0,400,0,400,5,0,5,5
4153,irl,Ireland,1995,400,0,0,400,0,400,0,0,0,0
4154,irl,Ireland,1996,69,0,0,69,0,69,0,0,0,0
4155,irl,Ireland,1997,430,0,0,430,0,430,0,0,0,0
4156,irl,Ireland,1998,600,0,0,600,0,600,0,0,0,0
4157,irl,Ireland,1999,2829,0,0,2829,0,2829,0,0,0,0
4158,irl,Ireland,2000,2530,12067,0,14597,0,14597,5,0,5,5
4159,irl,Ireland,2001,3585,10841,0,14426,0,14426,5,0,5,5
4160,irl,Ireland,2002,5366,6967,0,12333,0,12333,5,0,5,5
4161,irl,Ireland,2003,5971,7366,0,13337,0,13337,6,10,16,16
4162,irl,Ireland,2004,6530,3667,0,10197,0,10197,5,5,10,10
4163,irl,Ireland,2005,7103,2414,0,9517,0,9517,23,0,23,23
4164,irl,Ireland,2006,7904,3406,0,11310,0,11310,5,0,5,5
4165,irl,Ireland,2007,9318,4364,0,13682,0,13682,9,0,9,9
4166,irl,Ireland,2008,9714,4583,0,14297,0,14297,7,0,7,7
4167,irl,Ireland,2009,9561,2725,0,12286,0,12286,7,5,12,12
4168,irl,Ireland,2010,9099,5088,0,14187,0,14187,7,0,7,7
4169,irl,Ireland,2011,8234,5380,0,13614,0,13614,7,5,12,12
4170,irl,Ireland,2012,6309,5423,0,11732,0,11732,7,10,17,17
4171,irl,Ireland,2013,5991,5464,0,11455,0,11455,7,32,39,39
4172,irl,Ireland,2014,5832,4576,0,10408,0,10408,7,82,89,89
4173,irl,Ireland,2015,6108,4982,0,11090,0,11090,5,36,41,41
4174,irl,Ireland,2016,5720,4221,0,9941,0,9941,0,42,42,42
4175,irl,Ireland,2017,6394,5991,0,12385,0,12385,0,52,52,52
4176,irl,Ireland,2018,6012,7159,0,13171,0,13171,0,59,59,59
4177,irl,Ireland,2019,7795,7853,0,15648,0,15648,0,90,90,90
4178,irl,Ireland,2020,9035,7393,0,16428,0,16428,0,94,94,94
4179,irl,Ireland,2021,9571,6904,0,16475,0,16475,5,141,146,146
4180,irl,Ireland,2022,81256,15108,0,96364,0,96364,13,189,202,202
4181,irl,Ireland,2023,99048,17487,0,116535,0,116535,6,202,208,208
4182,isr,Israel,1988,0,0,0,0,0,0,5,0,5,5
4183,isr,Israel,1989,0,0,0,0,0,0,5,0,5,5
4184,isr,Israel,1990,0,0,0,0,0,0,14,0,14,14
4185,isr,Israel,1991,0,0,0,0,0,0,28,0,28,28
4186,isr,Israel,1992,0,0,0,0,0,0,37,0,37,37
4187,isr,Israel,1993,0,0,0,0,0,0,114,0,114,114
4188,isr,Israel,1994,0,0,0,0,0,0,888,0,888,888
4189,isr,Israel,1995,0,0,0,0,0,0,937,0,937,937
4190,isr,Israel,1996,0,0,0,0,0,0,1121,0,1121,1121
4191,isr,Israel,1997,0,0,0,0,0,0,988,0,988,988
4192,isr,Israel,1998,22,0,0,22,0,22,832,0,832,832
4193,isr,Israel,1999,123,0,0,123,0,123,473,0,473,473
4194,isr,Israel,2000,4067,326,0,4393,0,4393,414,362,776,776
4195,isr,Israel,2001,4159,552,0,4711,0,4711,361,609,970,970
4196,isr,Israel,2002,4170,688,0,4858,0,4858,561,1023,1584,1584
4197,isr,Israel,2003,4170,703,0,4873,0,4873,626,944,1570,1570
4198,isr,Israel,2004,564,0,0,564,0,564,669,760,1429,1429
4199,isr,Israel,2005,598,908,0,1506,0,1506,624,620,1244,1244
4200,isr,Israel,2006,829,826,0,1655,0,1655,876,939,1815,1815
4201,isr,Israel,2007,1150,5734,0,6884,0,6884,1539,946,2485,2485
4202,isr,Israel,2008,9125,4601,0,13726,0,13726,1486,1037,2523,2523
4203,isr,Israel,2009,17725,4143,0,21868,0,21868,1298,1054,2352,2352
4204,isr,Israel,2010,25462,5574,0,31036,0,31036,1290,792,2082,2082
4205,isr,Israel,2011,41221,6444,0,47665,0,47665,1323,507,1830,1830
4206,isr,Israel,2012,48490,5682,0,54172,0,54172,1326,416,1742,1742
4207,isr,Israel,2013,48182,4760,0,52942,0,52942,1026,289,1315,1315
4208,isr,Israel,2014,39698,5558,0,45256,0,45256,967,282,1249,1249
4209,isr,Israel,2015,32929,11677,0,44606,0,44606,787,379,1166,1166
4210,isr,Israel,2016,30529,21274,0,51803,0,51803,487,548,1035,1035
4211,isr,Israel,2017,25657,29704,0,55361,0,55361,469,691,1160,1160
4212,isr,Israel,2018,18554,35569,0,54123,0,54123,492,683,1175,1175
4213,isr,Israel,2019,16107,38479,0,54586,0,54586,452,690,1142,1142
4214,isr,Israel,2020,1843,32518,0,34361,0,34361,373,663,1036,1036
4215,isr,Israel,2021,1191,27083,0,28274,0,28274,453,807,1260,1260
4216,isr,Israel,2022,1207,25166,0,26373,0,26373,902,813,1715,1715
4217,isr,Israel,2023,1221,25453,0,26674,0,26674,813,985,1798,1798
4218,ita,Italy,1951,26500,0,0,26500,0,26500,0,0,0,0
4219,ita,Italy,1952,25500,0,0,25500,0,25500,0,0,0,0
4220,ita,Italy,1953,24500,0,0,24500,0,24500,0,0,0,0
4221,ita,Italy,1954,21500,0,0,21500,0,21500,0,0,0,0
4222,ita,Italy,1955,18500,0,0,18500,0,18500,0,0,0,0
4223,ita,Italy,1956,21500,0,0,21500,0,21500,0,0,0,0
4224,ita,Italy,1957,21000,0,0,21000,0,21000,0,0,0,0
4225,ita,Italy,1958,21000,0,0,21000,0,21000,0,0,0,0
4226,ita,Italy,1959,18500,0,0,18500,0,18500,0,0,0,0
4227,ita,Italy,1960,15500,0,0,15500,0,15500,0,0,0,0
4228,ita,Italy,1961,14500,0,0,14500,0,14500,0,0,0,0
4229,ita,Italy,1962,14300,0,0,14300,0,14300,0,0,0,0
4230,ita,Italy,1963,14600,0,0,14600,0,14600,0,0,0,0
4231,ita,Italy,1964,14000,0,0,14000,0,14000,0,0,0,0
4232,ita,Italy,1965,15000,0,0,15000,0,15000,0,0,0,0
4233,ita,Italy,1966,14000,0,0,14000,0,14000,0,0,0,0
4234,ita,Italy,1967,13000,0,0,13000,0,13000,0,0,0,0
4235,ita,Italy,1968,13000,0,0,13000,0,13000,0,0,0,0
4236,ita,Italy,1969,14000,0,0,14000,0,14000,0,0,0,0
4237,ita,Italy,1970,13000,0,0,13000,0,13000,0,0,0,0
4238,ita,Italy,1971,12700,0,0,12700,0,12700,0,0,0,0
4239,ita,Italy,1972,12600,0,0,12600,0,12600,0,0,0,0
4240,ita,Italy,1973,12600,0,0,12600,0,12600,0,0,0,0
4241,ita,Italy,1974,13000,0,0,13000,0,13000,0,0,0,0
4242,ita,Italy,1975,11900,0,0,11900,0,11900,0,0,0,0
4243,ita,Italy,1976,11900,0,0,11900,0,11900,0,0,0,0
4244,ita,Italy,1977,11700,0,0,11700,0,11700,0,0,0,0
4245,ita,Italy,1978,11700,0,0,11700,0,11700,0,0,0,0
4246,ita,Italy,1979,14100,0,0,14100,0,14100,0,0,0,0
4247,ita,Italy,1980,21531,0,0,21531,0,21531,0,0,0,0
4248,ita,Italy,1981,22601,0,0,22601,0,22601,0,0,0,0
4249,ita,Italy,1982,22865,0,0,22865,0,22865,0,0,0,0
4250,ita,Italy,1983,22062,0,0,22062,0,22062,0,0,0,0
4251,ita,Italy,1984,21482,0,0,21482,0,21482,0,0,0,0
4252,ita,Italy,1985,22386,0,0,22386,0,22386,0,0,0,0
4253,ita,Italy,1986,21505,0,0,21505,0,21505,0,0,0,0
4254,ita,Italy,1987,20413,0,0,20413,0,20413,0,0,0,0
4255,ita,Italy,1988,19260,0,0,19260,0,19260,0,0,0,0
4256,ita,Italy,1989,13893,0,0,13893,0,13893,0,0,0,0
4257,ita,Italy,1990,10816,0,0,10816,0,10816,0,0,0,0
4258,ita,Italy,1991,9796,0,0,9796,0,9796,0,0,0,0
4259,ita,Italy,1992,9242,0,0,9242,0,9242,0,0,0,0
4260,ita,Italy,1993,50266,0,0,50266,0,50266,0,0,0,0
4261,ita,Italy,1994,73058,0,0,73058,0,73058,145,0,145,145
4262,ita,Italy,1995,74298,0,0,74298,0,74298,120,0,120,120
4263,ita,Italy,1996,64712,0,0,64712,0,64712,109,0,109,109
4264,ita,Italy,1997,66601,0,0,66601,0,66601,112,0,112,112
4265,ita,Italy,1998,5440,0,0,5440,0,5440,76,0,76,76
4266,ita,Italy,1999,6004,0,0,6004,0,6004,49,0,49,49
4267,ita,Italy,2000,6813,113,0,6926,0,6926,46,33,79,79
4268,ita,Italy,2001,8541,0,0,8541,0,8541,36,31,67,67
4269,ita,Italy,2002,10031,0,0,10031,0,10031,223,36,259,259
4270,ita,Italy,2003,12812,0,0,12812,0,12812,208,30,238,238
4271,ita,Italy,2004,15668,0,0,15668,0,15668,192,23,215,215
4272,ita,Italy,2005,20674,0,0,20674,0,20674,219,20,239,239
4273,ita,Italy,2006,26870,0,0,26870,0,26870,106,13,119,119
4274,ita,Italy,2007,38061,1500,0,39561,0,39561,84,10,94,94
4275,ita,Italy,2008,47059,0,0,47059,0,47059,57,30,87,87
4276,ita,Italy,2009,54962,4365,0,59327,0,59327,42,31,73,73
4277,ita,Italy,2010,56402,4070,0,60472,0,60472,45,52,97,97
4278,ita,Italy,2011,58066,13525,0,71591,0,71591,57,32,89,89
4279,ita,Italy,2012,64782,14320,0,79102,0,79102,65,54,119,119
4280,ita,Italy,2013,76248,13635,0,89883,0,89883,64,77,141,141
4281,ita,Italy,2014,93712,45730,0,139442,0,139442,63,110,173,173
4282,ita,Italy,2015,118036,60135,0,178171,0,178171,69,139,208,208
4283,ita,Italy,2016,147362,99896,0,247258,0,247258,49,132,181,181
4284,ita,Italy,2017,167330,186645,0,353975,0,353975,52,282,334,334
4285,ita,Italy,2018,189227,105606,0,294833,0,294833,69,381,450,450
4286,ita,Italy,2019,207602,47030,0,254632,0,254632,76,431,507,507
4287,ita,Italy,2020,128033,53901,0,181934,0,181934,62,471,533,533
4288,ita,Italy,2021,144862,51779,0,196641,0,196641,61,639,700,700
4289,ita,Italy,2022,296181,79979,0,376160,0,376160,151,670,821,821
4290,ita,Italy,2023,308663,102028,0,410691,0,410691,132,1320,1452,1452
4291,jam,Jamaica,1991,5,0,0,5,0,5,0,0,0,0
4292,jam,Jamaica,1992,90,0,0,90,0,90,0,0,0,0
4293,jam,Jamaica,1993,60,0,0,60,0,60,5,0,5,5
4294,jam,Jamaica,1994,38,0,0,38,0,38,10,0,10,10
4295,jam,Jamaica,1995,21,0,0,21,0,21,11,0,11,11
4296,jam,Jamaica,1996,23,0,0,23,0,23,18,0,18,18
4297,jam,Jamaica,1997,31,0,0,31,0,31,21,0,21,21
4298,jam,Jamaica,1998,33,0,0,33,0,33,26,0,26,26
4299,jam,Jamaica,1999,33,0,0,33,0,33,33,0,33,33
4300,jam,Jamaica,2000,33,0,0,33,0,33,37,173,210,210
4301,jam,Jamaica,2001,0,0,0,0,0,0,37,281,318,318
4302,jam,Jamaica,2002,0,0,0,0,0,0,147,479,626,626
4303,jam,Jamaica,2003,0,0,0,0,0,0,260,410,670,670
4304,jam,Jamaica,2004,0,0,0,0,0,0,350,285,635,635
4305,jam,Jamaica,2005,0,0,0,0,0,0,489,288,777,777
4306,jam,Jamaica,2006,0,0,0,0,0,0,661,270,931,931
4307,jam,Jamaica,2007,0,0,0,0,0,0,766,236,1002,1002
4308,jam,Jamaica,2008,0,0,0,0,0,0,825,401,1226,1226
4309,jam,Jamaica,2009,24,0,0,24,0,24,908,574,1482,1482
4310,jam,Jamaica,2010,19,0,0,19,0,19,1055,554,1609,1609
4311,jam,Jamaica,2011,19,0,0,19,0,19,1248,579,1827,1827
4312,jam,Jamaica,2012,19,0,0,19,0,19,1404,497,1901,1901
4313,jam,Jamaica,2013,18,0,0,18,0,18,1501,630,2131,2131
4314,jam,Jamaica,2014,23,0,0,23,0,23,1682,597,2279,2279
4315,jam,Jamaica,2015,13,0,0,13,0,13,1857,839,2696,2696
4316,jam,Jamaica,2016,13,8,0,21,0,21,1998,1134,3132,3132
4317,jam,Jamaica,2017,13,8,0,21,0,21,2224,1430,3654,3654
4318,jam,Jamaica,2018,13,21,0,34,0,34,2448,1495,3943,3943
4319,jam,Jamaica,2019,0,5,121,126,0,126,2529,1798,4327,4327
4320,jam,Jamaica,2020,27,5,67,99,0,99,2526,1902,4428,4428
4321,jam,Jamaica,2021,31,5,67,103,0,103,2419,2305,4724,4724
4322,jam,Jamaica,2022,31,0,0,31,0,31,1858,3345,5203,5203
4323,jam,Jamaica,2023,31,0,0,31,0,31,1993,5158,7151,7151
4324,jpn,Japan,1977,600,0,0,600,0,600,0,0,0,0
4325,jpn,Japan,1978,610,0,0,610,0,610,0,0,0,0
4326,jpn,Japan,1979,1260,0,0,1260,0,1260,0,0,0,0
4327,jpn,Japan,1980,2390,0,0,2390,0,2390,0,0,0,0
4328,jpn,Japan,1981,2520,0,0,2520,0,2520,0,0,0,0
4329,jpn,Japan,1982,4390,0,0,4390,0,4390,0,0,0,0
4330,jpn,Japan,1983,4900,0,0,4900,0,4900,0,0,0,0
4331,jpn,Japan,1984,3967,0,0,3967,0,3967,0,0,0,0
4332,jpn,Japan,1985,4707,0,0,4707,0,4707,0,0,0,0
4333,jpn,Japan,1986,5016,0,0,5016,0,5016,0,0,0,0
4334,jpn,Japan,1987,5601,0,0,5601,0,5601,0,0,0,0
4335,jpn,Japan,1988,6110,0,0,6110,0,6110,0,0,0,0
4336,jpn,Japan,1989,6479,0,0,6479,0,6479,0,0,0,0
4337,jpn,Japan,1990,6819,0,0,6819,0,6819,0,0,0,0
4338,jpn,Japan,1991,6397,0,0,6397,0,6397,0,0,0,0
4339,jpn,Japan,1992,6669,0,0,6669,0,6669,0,0,0,0
4340,jpn,Japan,1993,6495,0,0,6495,0,6495,0,0,0,0
4341,jpn,Japan,1994,5942,0,0,5942,0,5942,7,0,7,7
4342,jpn,Japan,1995,5432,0,0,5432,0,5432,5,0,5,5
4343,jpn,Japan,1996,5278,0,0,5278,0,5278,0,0,0,0
4344,jpn,Japan,1997,4846,0,0,4846,0,4846,0,0,0,0
4345,jpn,Japan,1998,4483,0,0,4483,0,4483,0,0,0,0
4346,jpn,Japan,1999,4233,0,0,4233,0,4233,0,0,0,0
4347,jpn,Japan,2000,3752,282,0,4034,0,4034,5,11,16,16
4348,jpn,Japan,2001,3198,321,0,3519,0,3519,5,23,28,28
4349,jpn,Japan,2002,2658,314,0,2972,0,2972,14,22,36,36
4350,jpn,Japan,2003,2266,424,0,2690,0,2690,17,27,44,44
4351,jpn,Japan,2004,1967,474,0,2441,0,2441,19,70,89,89
4352,jpn,Japan,2005,1940,520,0,2460,0,2460,10,51,61,61
4353,jpn,Japan,2006,1842,1214,0,3056,0,3056,166,32,198,198
4354,jpn,Japan,2007,1792,1502,0,3294,0,3294,519,19,538,538
4355,jpn,Japan,2008,2016,2292,0,4308,0,4308,183,26,209,209
4356,jpn,Japan,2009,2331,2931,0,5262,0,5262,148,28,176,176
4357,jpn,Japan,2010,2583,3023,0,5606,0,5606,149,10,159,159
4358,jpn,Japan,2011,2645,3680,0,6325,0,6325,176,36,212,212
4359,jpn,Japan,2012,2579,4695,0,7274,0,7274,173,37,210,210
4360,jpn,Japan,2013,2586,6730,0,9316,0,9316,154,48,202,202
4361,jpn,Japan,2014,2562,9284,0,11846,0,11846,257,61,318,318
4362,jpn,Japan,2015,2479,13823,0,16302,0,16302,140,68,208,208
4363,jpn,Japan,2016,2512,18801,0,21313,0,21313,53,83,136,136
4364,jpn,Japan,2017,2189,31204,0,33393,0,33393,44,99,143,143
4365,jpn,Japan,2018,1893,29040,0,30933,0,30933,42,114,156,156
4366,jpn,Japan,2019,1463,29123,0,30586,0,30586,39,111,150,150
4367,jpn,Japan,2020,1132,23765,0,24897,0,24897,40,121,161,161
4368,jpn,Japan,2021,1508,16709,0,18217,0,18217,39,134,173,173
4369,jpn,Japan,2022,15451,12473,0,27924,0,27924,64,152,216,216
4370,jpn,Japan,2023,15451,12473,0,27924,0,27924,51,132,183,183
4371,jor,Jordan,1971,50,0,0,50,0,50,0,0,0,0
4372,jor,Jordan,1972,50,0,0,50,0,50,0,0,0,0
4373,jor,Jordan,1973,0,0,0,0,0,0,0,0,0,0
4374,jor,Jordan,1974,0,0,0,0,0,0,0,0,0,0
4375,jor,Jordan,1975,0,0,0,0,0,0,0,0,0,0
4376,jor,Jordan,1976,0,0,0,0,0,0,0,0,0,0
4377,jor,Jordan,1977,0,0,0,0,0,0,0,0,0,0
4378,jor,Jordan,1978,80,0,0,80,0,80,0,0,0,0
4379,jor,Jordan,1979,120,0,0,120,0,120,0,0,0,0
4380,jor,Jordan,1980,60,0,0,60,0,60,0,0,0,0
4381,jor,Jordan,1981,80,0,0,80,0,80,0,0,0,0
4382,jor,Jordan,1982,100,0,0,100,0,100,0,0,0,0
4383,jor,Jordan,1983,150,0,0,150,0,150,0,0,0,0
4384,jor,Jordan,1984,400,0,0,400,0,400,5,0,5,5
4385,jor,Jordan,1985,400,0,0,400,0,400,105,0,105,105
4386,jor,Jordan,1986,0,0,0,0,0,0,5,0,5,5
4387,jor,Jordan,1987,0,0,0,0,0,0,5,0,5,5
4388,jor,Jordan,1988,0,0,0,0,0,0,7,0,7,7
4389,jor,Jordan,1989,130,0,0,130,0,130,14,0,14,14
4390,jor,Jordan,1990,640,0,0,640,0,640,56,0,56,56
4391,jor,Jordan,1991,440,0,0,440,0,440,114,0,114,114
4392,jor,Jordan,1992,270,0,0,270,0,270,183,0,183,183
4393,jor,Jordan,1993,465,0,0,465,0,465,239,0,239,239
4394,jor,Jordan,1994,574,0,0,574,0,574,440,0,440,440
4395,jor,Jordan,1995,698,0,0,698,0,698,511,0,511,511
4396,jor,Jordan,1996,870,0,0,870,0,870,707,0,707,707
4397,jor,Jordan,1997,731,0,0,731,0,731,720,0,720,720
4398,jor,Jordan,1998,776,0,0,776,0,776,897,0,897,897
4399,jor,Jordan,1999,1008,0,0,1008,0,1008,970,0,970,970
4400,jor,Jordan,2000,1064,7865,0,8929,0,8929,915,551,1466,1466
4401,jor,Jordan,2001,1062,5293,0,6355,0,6355,773,557,1330,1330
4402,jor,Jordan,2002,1198,3781,0,4979,0,4979,1280,723,2003,2003
4403,jor,Jordan,2003,1195,6728,0,7923,0,7923,1149,717,1866,1866
4404,jor,Jordan,2004,1096,12450,0,13546,0,13546,1158,703,1861,1861
4405,jor,Jordan,2005,962,16563,0,17525,0,17525,1778,663,2441,2441
4406,jor,Jordan,2006,500225,19233,0,519458,0,519458,1592,758,2350,2350
4407,jor,Jordan,2007,500273,350,0,500623,0,500623,1777,730,2507,2507
4408,jor,Jordan,2008,500406,668,0,501074,0,501074,1882,743,2625,2625
4409,jor,Jordan,2009,450752,599,0,451351,0,451351,2109,757,2866,2866
4410,jor,Jordan,2010,450908,2137,0,453045,0,453045,2248,610,2858,2858
4411,jor,Jordan,2011,451000,4968,0,455968,0,455968,2242,532,2774,2774
4412,jor,Jordan,2012,302700,2934,0,305634,0,305634,2363,622,2985,2985
4413,jor,Jordan,2013,641904,4383,0,646287,0,646287,1622,927,2549,2549
4414,jor,Jordan,2014,654131,18776,0,672907,0,672907,1711,1293,3004,3004
4415,jor,Jordan,2015,664110,24906,0,689016,0,689016,1836,1829,3665,3665
4416,jor,Jordan,2016,685188,35600,0,720788,0,720788,1919,2433,4352,4352
4417,jor,Jordan,2017,691015,43809,0,734824,0,734824,2119,3467,5586,5586
4418,jor,Jordan,2018,715298,52536,0,767834,0,767834,2430,4119,6549,6549
4419,jor,Jordan,2019,693668,51283,0,744951,0,744951,2308,4722,7030,7030
4420,jor,Jordan,2020,702461,49686,0,752147,0,752147,2486,4984,7470,7470
4421,jor,Jordan,2021,712823,47197,0,760020,0,760020,2981,5795,8776,8776
4422,jor,Jordan,2022,697761,45177,0,742938,0,742938,3550,5667,9217,9217
4423,jor,Jordan,2023,695821,44160,0,739981,0,739981,3889,7349,11238,11238
4424,kaz,Kazakhstan,1993,5000,0,0,5000,0,5000,0,0,0,0
4425,kaz,Kazakhstan,1994,5028,0,0,5028,0,5028,24,0,24,24
4426,kaz,Kazakhstan,1995,15561,0,0,15561,0,15561,137,0,137,137
4427,kaz,Kazakhstan,1996,15577,0,0,15577,0,15577,40163,0,40163,40163
4428,kaz,Kazakhstan,1997,15585,0,0,15585,0,15585,40772,0,40772,40772
4429,kaz,Kazakhstan,1998,8343,0,0,8343,0,8343,20458,0,20458,20458
4430,kaz,Kazakhstan,1999,14799,0,0,14799,0,14799,9059,0,9059,9059
4431,kaz,Kazakhstan,2000,20576,5,0,20581,0,20581,2537,739,3276,3276
4432,kaz,Kazakhstan,2001,19529,10,0,19539,0,19539,2803,876,3679,3679
4433,kaz,Kazakhstan,2002,20610,0,0,20610,0,20610,6317,922,7239,7239
4434,kaz,Kazakhstan,2003,15830,0,0,15830,0,15830,6563,888,7451,7451
4435,kaz,Kazakhstan,2004,15845,5,0,15850,0,15850,6124,656,6780,6780
4436,kaz,Kazakhstan,2005,7264,62,0,7326,0,7326,4321,605,4926,4926
4437,kaz,Kazakhstan,2006,4413,93,0,4506,0,4506,7374,656,8030,8030
4438,kaz,Kazakhstan,2007,4283,71,0,4354,0,4354,5232,527,5759,5759
4439,kaz,Kazakhstan,2008,4349,123,0,4472,0,4472,4825,579,5404,5404
4440,kaz,Kazakhstan,2009,4334,129,0,4463,0,4463,3741,603,4344,4344
4441,kaz,Kazakhstan,2010,4403,314,0,4717,0,4717,3631,749,4380,4380
4442,kaz,Kazakhstan,2011,613,63,0,676,0,676,3497,747,4244,4244
4443,kaz,Kazakhstan,2012,561,81,0,642,0,642,3567,926,4493,4493
4444,kaz,Kazakhstan,2013,580,74,0,654,0,654,2114,1147,3261,3261
4445,kaz,Kazakhstan,2014,628,92,0,720,0,720,2219,1147,3366,3366
4446,kaz,Kazakhstan,2015,701,89,0,790,0,790,2263,1565,3828,3828
4447,kaz,Kazakhstan,2016,647,133,0,780,0,780,2366,2225,4591,4591
4448,kaz,Kazakhstan,2017,602,207,0,809,0,809,2406,3514,5920,5920
4449,kaz,Kazakhstan,2018,568,190,0,758,0,758,2520,5833,8353,8353
4450,kaz,Kazakhstan,2019,518,212,0,730,0,730,2757,6982,9739,9739
4451,kaz,Kazakhstan,2020,440,223,0,663,0,663,2741,5978,8719,8719
4452,kaz,Kazakhstan,2021,352,305,0,657,0,657,3198,5925,9123,9123
4453,kaz,Kazakhstan,2022,308,840,0,1148,0,1148,3666,8182,11848,11848
4454,kaz,Kazakhstan,2023,345,637,0,982,0,982,3748,9969,13717,13717
4455,ken,Kenya,1970,930,0,0,930,0,930,0,0,0,0
4456,ken,Kenya,1971,2600,0,0,2600,0,2600,0,0,0,0
4457,ken,Kenya,1972,2490,0,0,2490,0,2490,0,0,0,0
4458,ken,Kenya,1973,2970,0,0,2970,0,2970,0,0,0,0
4459,ken,Kenya,1974,2740,0,0,2740,0,2740,0,0,0,0
4460,ken,Kenya,1975,2450,0,0,2450,0,2450,90,0,90,90
4461,ken,Kenya,1976,2500,0,0,2500,0,2500,0,0,0,0
4462,ken,Kenya,1977,6010,0,0,6010,0,6010,1200,0,1200,1200
4463,ken,Kenya,1978,6500,0,0,6500,0,6500,80,0,80,80
4464,ken,Kenya,1979,5810,0,0,5810,0,5810,80,0,80,80
4465,ken,Kenya,1980,3510,0,0,3510,0,3510,0,0,0,0
4466,ken,Kenya,1981,3380,0,0,3380,0,3380,0,0,0,0
4467,ken,Kenya,1982,4760,0,0,4760,0,4760,0,0,0,0
4468,ken,Kenya,1983,6760,0,0,6760,0,6760,0,0,0,0
4469,ken,Kenya,1984,8060,0,0,8060,0,8060,0,0,0,0
4470,ken,Kenya,1985,8790,0,0,8790,0,8790,0,0,0,0
4471,ken,Kenya,1986,8040,0,0,8040,0,8040,0,0,0,0
4472,ken,Kenya,1987,10220,0,0,10220,0,10220,0,0,0,0
4473,ken,Kenya,1988,12810,0,0,12810,0,12810,0,0,0,0
4474,ken,Kenya,1989,12654,0,0,12654,0,12654,0,0,0,0
4475,ken,Kenya,1990,14249,0,0,14249,0,14249,7,0,7,7
4476,ken,Kenya,1991,120163,0,0,120163,0,120163,31,0,31,31
4477,ken,Kenya,1992,402194,0,0,402194,0,402194,61,0,61,61
4478,ken,Kenya,1993,301595,0,0,301595,0,301595,83,0,83,83
4479,ken,Kenya,1994,252423,0,0,252423,0,252423,8772,0,8772,8772
4480,ken,Kenya,1995,234665,0,0,234665,0,234665,9320,0,9320,9320
4481,ken,Kenya,1996,223640,0,0,223640,0,223640,9390,0,9390,9390
4482,ken,Kenya,1997,232097,0,0,232097,0,232097,9563,0,9563,9563
4483,ken,Kenya,1998,238187,0,0,238187,0,238187,6037,0,6037,6037
4484,ken,Kenya,1999,223696,0,0,223696,0,223696,6131,0,6131,6131
4485,ken,Kenya,2000,206108,8708,0,214816,0,214816,2367,861,3228,3228
4486,ken,Kenya,2001,239221,12596,0,251817,0,251817,2551,713,3264,3264
4487,ken,Kenya,2002,233671,2418,0,236089,0,236089,3089,10177,13266,13266
4488,ken,Kenya,2003,237509,4015,0,241524,0,241524,3159,10867,14026,14026
4489,ken,Kenya,2004,239833,9469,0,249302,0,249302,3842,11209,15051,15051
4490,ken,Kenya,2005,251268,16446,0,267714,0,267714,4638,11431,16069,16069
4491,ken,Kenya,2006,272529,18508,0,291037,0,291037,5356,1075,6431,6431
4492,ken,Kenya,2007,265729,5762,0,271491,0,271491,7544,1717,9261,9261
4493,ken,Kenya,2008,320598,8762,0,329360,404000,733360,9682,2197,11879,415879
4494,ken,Kenya,2009,358916,18961,0,377877,399000,776877,9609,2975,12584,411584
4495,ken,Kenya,2010,402891,27957,0,430848,300000,730848,8585,1649,10234,310234
4496,ken,Kenya,2011,566482,35268,0,601750,300000,901750,8731,1590,10321,310321
4497,ken,Kenya,2012,564921,41940,0,606861,412000,1018861,8946,1544,10490,422490
4498,ken,Kenya,2013,534935,52271,0,587206,0,587206,8580,2192,10772,10772
4499,ken,Kenya,2014,551351,33994,0,585345,0,585345,8546,2925,11471,11471
4500,ken,Kenya,2015,553907,39953,0,593860,0,593860,7902,3258,11160,11160
4501,ken,Kenya,2016,451097,43748,0,494845,0,494845,7526,3556,11082,11082
4502,ken,Kenya,2017,431895,56499,0,488394,0,488394,7567,5714,13281,13281
4503,ken,Kenya,2018,421243,50458,0,471701,0,471701,7480,7287,14767,14767
4504,ken,Kenya,2019,438899,50829,0,489728,0,489728,7705,7879,15584,15584
4505,ken,Kenya,2020,452916,51916,0,504832,0,504832,7422,8959,16381,16381
4506,ken,Kenya,2021,481048,59001,0,540049,0,540049,7529,9727,17256,17256
4507,ken,Kenya,2022,504473,69011,0,573484,0,573484,7595,10209,17804,17804
4508,ken,Kenya,2023,519353,104490,0,623843,0,623843,7594,12536,20130,20130
4509,kir,Kiribati,2003,0,0,0,0,0,0,15,0,15,15
4510,kir,Kiribati,2004,0,0,0,0,0,0,31,0,31,31
4511,kir,Kiribati,2005,0,0,0,0,0,0,31,5,36,36
4512,kir,Kiribati,2006,0,0,0,0,0,0,39,5,44,44
4513,kir,Kiribati,2007,0,0,0,0,0,0,36,0,36,36
4514,kir,Kiribati,2008,0,0,0,0,0,0,36,0,36,36
4515,kir,Kiribati,2009,0,0,0,0,0,0,31,0,31,31
4516,kir,Kiribati,2010,0,0,0,0,0,0,31,0,31,31
4517,kir,Kiribati,2011,0,0,0,0,0,0,31,5,36,36
4518,kir,Kiribati,2012,0,0,0,0,0,0,34,10,44,44
4519,kir,Kiribati,2013,0,0,0,0,0,0,21,0,21,21
4520,kir,Kiribati,2014,0,0,0,0,0,0,5,0,5,5
4521,kir,Kiribati,2015,0,0,0,0,0,0,0,5,5,5
4522,kir,Kiribati,2016,0,0,0,0,0,0,0,0,0,0
4523,kir,Kiribati,2017,0,0,0,0,0,0,0,0,0,0
4524,kir,Kiribati,2018,0,0,0,0,0,0,0,0,0,0
4525,kir,Kiribati,2019,0,0,0,0,0,0,0,0,0,0
4526,kir,Kiribati,2020,0,0,0,0,0,0,0,0,0,0
4527,kir,Kiribati,2021,0,0,0,0,0,0,0,5,5,5
4528,kir,Kiribati,2022,0,0,0,0,0,0,0,30,30,30
4529,kir,Kiribati,2023,0,0,0,0,0,0,0,25,25,25
4530,kwt,Kuwait,1979,5000,0,0,5000,0,5000,0,0,0,0
4531,kwt,Kuwait,1980,5000,0,0,5000,0,5000,0,0,0,0
4532,kwt,Kuwait,1981,2000,0,0,2000,0,2000,0,0,0,0
4533,kwt,Kuwait,1982,2220,0,0,2220,0,2220,0,0,0,0
4534,kwt,Kuwait,1983,2220,0,0,2220,0,2220,0,0,0,0
4535,kwt,Kuwait,1984,2810,0,0,2810,0,2810,0,0,0,0
4536,kwt,Kuwait,1985,2280,0,0,2280,0,2280,0,0,0,0
4537,kwt,Kuwait,1986,0,0,0,0,0,0,0,0,0,0
4538,kwt,Kuwait,1987,0,0,0,0,0,0,0,0,0,0
4539,kwt,Kuwait,1988,0,0,0,0,0,0,0,0,0,0
4540,kwt,Kuwait,1989,210,0,0,210,0,210,0,0,0,0
4541,kwt,Kuwait,1990,0,0,0,0,0,0,46,0,46,46
4542,kwt,Kuwait,1991,45590,0,0,45590,0,45590,49,0,49,49
4543,kwt,Kuwait,1992,44879,0,0,44879,0,44879,77,0,77,77
4544,kwt,Kuwait,1993,30000,0,0,30000,0,30000,91,0,91,91
4545,kwt,Kuwait,1994,30020,0,0,30020,0,30020,758,0,758,758
4546,kwt,Kuwait,1995,3306,0,0,3306,0,3306,764,0,764,764
4547,kwt,Kuwait,1996,3831,0,0,3831,0,3831,854,0,854,854
4548,kwt,Kuwait,1997,3787,0,0,3787,0,3787,824,0,824,824
4549,kwt,Kuwait,1998,4181,0,0,4181,0,4181,827,0,827,827
4550,kwt,Kuwait,1999,4333,0,0,4333,0,4333,988,0,988,988
4551,kwt,Kuwait,2000,2776,56,0,2832,0,2832,688,98,786,786
4552,kwt,Kuwait,2001,1255,82,0,1337,0,1337,696,146,842,842
4553,kwt,Kuwait,2002,1521,187,0,1708,0,1708,705,116,821,821
4554,kwt,Kuwait,2003,1518,192,0,1710,0,1710,615,104,719,719
4555,kwt,Kuwait,2004,1519,160,0,1679,0,1679,391,89,480,480
4556,kwt,Kuwait,2005,1523,209,0,1732,0,1732,374,65,439,439
4557,kwt,Kuwait,2006,49,527,0,576,0,576,610,123,733,733
4558,kwt,Kuwait,2007,38158,703,0,38861,0,38861,741,104,845,845
4559,kwt,Kuwait,2008,38237,2648,0,40885,0,40885,847,61,908,908
4560,kwt,Kuwait,2009,222,2984,0,3206,0,3206,936,56,992,992
4561,kwt,Kuwait,2010,185,3272,0,3457,0,3457,986,81,1067,1067
4562,kwt,Kuwait,2011,336,1114,0,1450,0,1450,1112,164,1276,1276
4563,kwt,Kuwait,2012,676,831,0,1507,0,1507,1189,135,1324,1324
4564,kwt,Kuwait,2013,633,1029,0,1662,0,1662,971,173,1144,1144
4565,kwt,Kuwait,2014,611,1039,0,1650,0,1650,974,260,1234,1234
4566,kwt,Kuwait,2015,736,903,0,1639,0,1639,1076,431,1507,1507
4567,kwt,Kuwait,2016,935,823,0,1758,0,1758,1013,650,1663,1663
4568,kwt,Kuwait,2017,613,948,0,1561,0,1561,1097,951,2048,2048
4569,kwt,Kuwait,2018,671,983,0,1654,0,1654,1251,1220,2471,2471
4570,kwt,Kuwait,2019,686,1079,0,1765,0,1765,1300,1402,2702,2702
4571,kwt,Kuwait,2020,732,1054,0,1786,0,1786,1422,1415,2837,2837
4572,kwt,Kuwait,2021,720,1085,0,1805,0,1805,1702,1857,3559,3559
4573,kwt,Kuwait,2022,684,960,0,1644,0,1644,1981,2898,4879,4879
4574,kwt,Kuwait,2023,693,945,0,1638,0,1638,2030,2712,4742,4742
4575,kgz,Kyrgyz Republic,1993,21242,0,0,21242,0,21242,0,0,0,0
4576,kgz,Kyrgyz Republic,1994,21239,0,0,21239,0,21239,13,0,13,13
4577,kgz,Kyrgyz Republic,1995,13407,0,0,13407,0,13407,20,0,20,20
4578,kgz,Kyrgyz Republic,1996,16707,0,0,16707,0,16707,17118,0,17118,17118
4579,kgz,Kyrgyz Republic,1997,15276,0,0,15276,0,15276,16321,0,16321,16321
4580,kgz,Kyrgyz Republic,1998,14560,0,0,14560,0,14560,7450,0,7450,7450
4581,kgz,Kyrgyz Republic,1999,10849,0,0,10849,5569,16418,4003,0,4003,9572
4582,kgz,Kyrgyz Republic,2000,10609,386,0,10995,0,10995,747,322,1069,1069
4583,kgz,Kyrgyz Republic,2001,9295,470,0,9765,0,9765,687,393,1080,1080
4584,kgz,Kyrgyz Republic,2002,7705,652,0,8357,0,8357,2952,538,3490,3490
4585,kgz,Kyrgyz Republic,2003,5592,634,0,6226,0,6226,3142,616,3758,3758
4586,kgz,Kyrgyz Republic,2004,3756,446,0,4202,0,4202,3286,474,3760,3760
4587,kgz,Kyrgyz Republic,2005,2599,488,0,3087,0,3087,3127,362,3489,3489
4588,kgz,Kyrgyz Republic,2006,361,569,0,930,0,930,2493,583,3076,3076
4589,kgz,Kyrgyz Republic,2007,722,711,0,1433,0,1433,2257,444,2701,2701
4590,kgz,Kyrgyz Republic,2008,374,753,0,1127,0,1127,2526,407,2933,2933
4591,kgz,Kyrgyz Republic,2009,422,490,0,912,0,912,2611,427,3038,3038
4592,kgz,Kyrgyz Republic,2010,2462,548,0,3010,80000,83010,2748,1560,4308,84308
4593,kgz,Kyrgyz Republic,2011,6097,404,0,6501,163900,170401,3163,1561,4724,168624
4594,kgz,Kyrgyz Republic,2012,4940,348,0,5288,168600,173888,3490,1196,4686,173286
4595,kgz,Kyrgyz Republic,2013,468,379,0,847,0,847,2299,1289,3588,3588
4596,kgz,Kyrgyz Republic,2014,484,210,0,694,0,694,2449,1834,4283,4283
4597,kgz,Kyrgyz Republic,2015,349,160,0,509,0,509,2498,2263,4761,4761
4598,kgz,Kyrgyz Republic,2016,334,120,0,454,0,454,2571,2368,4939,4939
4599,kgz,Kyrgyz Republic,2017,334,107,0,441,0,441,2771,2570,5341,5341
4600,kgz,Kyrgyz Republic,2018,329,105,0,434,0,434,2934,2721,5655,5655
4601,kgz,Kyrgyz Republic,2019,347,164,0,511,0,511,2963,2593,5556,5556
4602,kgz,Kyrgyz Republic,2020,334,343,0,677,0,677,2883,2695,5578,5578
4603,kgz,Kyrgyz Republic,2021,317,681,0,998,0,998,3035,2785,5820,5820
4604,kgz,Kyrgyz Republic,2022,274,669,0,943,0,943,3297,4412,7709,7709
4605,kgz,Kyrgyz Republic,2023,253,775,0,1028,0,1028,3334,5569,8903,8903
4606,lao,Lao,1972,700,0,0,700,0,700,0,0,0,0
4607,lao,Lao,1973,0,0,0,0,0,0,0,0,0,0
4608,lao,Lao,1974,0,0,0,0,0,0,0,0,0,0
4609,lao,Lao,1975,70,0,0,70,0,70,55510,0,55510,55510
4610,lao,Lao,1976,110,0,0,110,0,110,62720,0,62720,62720
4611,lao,Lao,1977,100,0,0,100,0,100,78970,0,78970,78970
4612,lao,Lao,1978,120,0,0,120,0,120,119180,0,119180,119180
4613,lao,Lao,1979,110,0,0,110,0,110,128770,0,128770,128770
4614,lao,Lao,1980,10370,0,0,10370,0,10370,105256,0,105256,105256
4615,lao,Lao,1981,3500,0,0,3500,0,3500,89990,0,89990,89990
4616,lao,Lao,1982,3500,0,0,3500,0,3500,80588,0,80588,80588
4617,lao,Lao,1983,1260,0,0,1260,0,1260,85043,0,85043,85043
4618,lao,Lao,1984,1200,0,0,1200,0,1200,86673,0,86673,86673
4619,lao,Lao,1985,0,0,0,0,0,0,99303,0,99303,99303
4620,lao,Lao,1986,0,0,0,0,0,0,91214,0,91214,91214
4621,lao,Lao,1987,80,0,0,80,0,80,78894,0,78894,78894
4622,lao,Lao,1988,0,0,0,0,0,0,135866,0,135866,135866
4623,lao,Lao,1989,0,0,0,0,0,0,133496,0,133496,133496
4624,lao,Lao,1990,0,0,0,0,0,0,135634,0,135634,135634
4625,lao,Lao,1991,0,0,0,0,0,0,122328,0,122328,122328
4626,lao,Lao,1992,0,0,0,0,0,0,96158,0,96158,96158
4627,lao,Lao,1993,0,0,0,0,0,0,74500,0,74500,74500
4628,lao,Lao,1994,0,0,0,0,0,0,54895,0,54895,54895
4629,lao,Lao,1995,0,0,0,0,0,0,58197,0,58197,58197
4630,lao,Lao,1996,0,0,0,0,0,0,46908,0,46908,46908
4631,lao,Lao,1997,0,0,0,0,0,0,37369,0,37369,37369
4632,lao,Lao,1998,0,0,0,0,0,0,29018,0,29018,29018
4633,lao,Lao,1999,0,0,0,0,0,0,21393,0,21393,21393
4634,lao,Lao,2000,0,0,0,0,0,0,16090,201,16291,16291
4635,lao,Lao,2001,0,0,0,0,0,0,12625,963,13588,13588
4636,lao,Lao,2002,0,0,0,0,0,0,11233,911,12144,12144
4637,lao,Lao,2003,0,0,0,0,0,0,10360,474,10834,10834
4638,lao,Lao,2004,0,0,0,0,0,0,16114,471,16585,16585
4639,lao,Lao,2005,0,0,0,0,0,0,24441,346,24787,24787
4640,lao,Lao,2006,0,0,0,0,0,0,26445,283,26728,26728
4641,lao,Lao,2007,0,0,0,0,0,0,10012,164,10176,10176
4642,lao,Lao,2008,0,0,0,0,0,0,8596,178,8774,8774
4643,lao,Lao,2009,0,0,0,0,0,0,8397,190,8587,8587
4644,lao,Lao,2010,0,0,0,0,0,0,8412,68,8480,8480
4645,lao,Lao,2011,0,0,0,0,0,0,8086,24,8110,8110
4646,lao,Lao,2012,0,0,0,0,0,0,7981,10,7991,7991
4647,lao,Lao,2013,0,0,0,0,0,0,7736,41,7777,7777
4648,lao,Lao,2014,0,0,0,0,0,0,7476,113,7589,7589
4649,lao,Lao,2015,0,0,0,0,0,0,7359,165,7524,7524
4650,lao,Lao,2016,0,0,0,0,0,0,7229,167,7396,7396
4651,lao,Lao,2017,0,0,0,0,0,0,7056,223,7279,7279
4652,lao,Lao,2018,0,0,0,0,0,0,6943,294,7237,7237
4653,lao,Lao,2019,0,0,0,0,0,0,6757,390,7147,7147
4654,lao,Lao,2020,0,0,0,0,0,0,6665,463,7128,7128
4655,lao,Lao,2021,0,0,0,0,0,0,6778,474,7252,7252
4656,lao,Lao,2022,0,0,0,0,0,0,6653,476,7129,7129
4657,lao,Lao,2023,0,0,0,0,0,0,6641,506,7147,7147
4658,lva,Latvia,1992,0,0,0,0,0,0,5,0,5,5
4659,lva,Latvia,1993,0,0,0,0,0,0,5,0,5,5
4660,lva,Latvia,1994,0,0,0,0,0,0,95,0,95,95
4661,lva,Latvia,1995,0,0,0,0,0,0,158,0,158,158
4662,lva,Latvia,1996,0,0,0,0,0,0,1956,0,1956,1956
4663,lva,Latvia,1997,0,0,0,0,0,0,1916,0,1916,1916
4664,lva,Latvia,1998,0,0,0,0,0,0,1014,0,1014,1014
4665,lva,Latvia,1999,5,0,0,5,0,5,903,0,903,903
4666,lva,Latvia,2000,5,0,0,5,0,5,484,107,591,591
4667,lva,Latvia,2001,5,0,0,5,0,5,610,178,788,788
4668,lva,Latvia,2002,5,8,0,13,0,13,3080,189,3269,3269
4669,lva,Latvia,2003,16,0,0,16,0,16,3173,198,3371,3371
4670,lva,Latvia,2004,10,0,0,10,0,10,2822,148,2970,2970
4671,lva,Latvia,2005,10,7,0,17,0,17,2428,118,2546,2546
4672,lva,Latvia,2006,22,0,0,22,0,22,1424,100,1524,1524
4673,lva,Latvia,2007,27,11,0,38,0,38,660,37,697,697
4674,lva,Latvia,2008,27,33,0,60,0,60,765,24,789,789
4675,lva,Latvia,2009,40,54,0,94,0,94,787,76,863,863
4676,lva,Latvia,2010,60,43,0,103,0,103,712,177,889,889
4677,lva,Latvia,2011,88,216,0,304,0,304,706,143,849,849
4678,lva,Latvia,2012,113,171,0,284,0,284,662,94,756,756
4679,lva,Latvia,2013,149,183,0,332,0,332,228,66,294,294
4680,lva,Latvia,2014,168,235,0,403,0,403,206,57,263,263
4681,lva,Latvia,2015,193,182,0,375,0,375,187,77,264,264
4682,lva,Latvia,2016,340,151,0,491,0,491,165,96,261,261
4683,lva,Latvia,2017,653,54,0,707,0,707,162,105,267,267
4684,lva,Latvia,2018,664,45,0,709,0,709,152,103,255,255
4685,lva,Latvia,2019,665,41,0,706,0,706,144,98,242,242
4686,lva,Latvia,2020,637,73,0,710,0,710,143,92,235,235
4687,lva,Latvia,2021,705,209,0,914,0,914,122,120,242,242
4688,lva,Latvia,2022,39055,249,0,39304,0,39304,112,172,284,284
4689,lva,Latvia,2023,45237,360,0,45597,0,45597,143,172,315,315
4690,lbn,Lebanon,1964,1310,0,0,1310,0,1310,0,0,0,0
4691,lbn,Lebanon,1965,570,0,0,570,0,570,0,0,0,0
4692,lbn,Lebanon,1966,3430,0,0,3430,0,3430,0,0,0,0
4693,lbn,Lebanon,1967,0,0,0,0,0,0,0,0,0,0
4694,lbn,Lebanon,1968,4510,0,0,4510,0,4510,0,0,0,0
4695,lbn,Lebanon,1969,4510,0,0,4510,0,4510,0,0,0,0
4696,lbn,Lebanon,1970,0,0,0,0,0,0,0,0,0,0
4697,lbn,Lebanon,1971,3050,0,0,3050,0,3050,0,0,0,0
4698,lbn,Lebanon,1972,3340,0,0,3340,0,3340,0,0,0,0
4699,lbn,Lebanon,1973,3830,0,0,3830,0,3830,0,0,0,0
4700,lbn,Lebanon,1974,0,0,0,0,0,0,0,0,0,0
4701,lbn,Lebanon,1975,0,0,0,0,0,0,0,0,0,0
4702,lbn,Lebanon,1976,700000,0,0,700000,0,700000,0,0,0,0
4703,lbn,Lebanon,1977,700000,0,0,700000,0,700000,0,0,0,0
4704,lbn,Lebanon,1978,5000,0,0,5000,0,5000,0,0,0,0
4705,lbn,Lebanon,1979,2900,0,0,2900,0,2900,0,0,0,0
4706,lbn,Lebanon,1980,5000,0,0,5000,0,5000,0,0,0,0
4707,lbn,Lebanon,1981,3200,0,0,3200,0,3200,0,0,0,0
4708,lbn,Lebanon,1982,2800,0,0,2800,0,2800,12590,0,12590,12590
4709,lbn,Lebanon,1983,2920,0,0,2920,0,2920,27270,0,27270,27270
4710,lbn,Lebanon,1984,2920,0,0,2920,0,2920,30060,0,30060,30060
4711,lbn,Lebanon,1985,4890,0,0,4890,0,4890,33140,0,33140,33140
4712,lbn,Lebanon,1986,5920,0,0,5920,0,5920,630,0,630,630
4713,lbn,Lebanon,1987,5900,0,0,5900,0,5900,0,0,0,0
4714,lbn,Lebanon,1988,4420,0,0,4420,0,4420,439,0,439,439
4715,lbn,Lebanon,1989,4350,0,0,4350,0,4350,2197,0,2197,2197
4716,lbn,Lebanon,1990,2550,0,0,2550,0,2550,6993,0,6993,6993
4717,lbn,Lebanon,1991,5223,0,0,5223,0,5223,8501,0,8501,8501
4718,lbn,Lebanon,1992,6012,0,0,6012,0,6012,10257,0,10257,10257
4719,lbn,Lebanon,1993,1187,0,0,1187,0,1187,10629,0,10629,10629
4720,lbn,Lebanon,1994,1359,0,0,1359,0,1359,15649,0,15649,15649
4721,lbn,Lebanon,1995,1867,0,0,1867,0,1867,13513,0,13513,13513
4722,lbn,Lebanon,1996,2408,0,0,2408,0,2408,10888,0,10888,10888
4723,lbn,Lebanon,1997,3062,0,0,3062,0,3062,10228,0,10228,10228
4724,lbn,Lebanon,1998,3684,0,0,3684,0,3684,9782,0,9782,9782
4725,lbn,Lebanon,1999,4172,0,0,4172,0,4172,7677,0,7677,7677
4726,lbn,Lebanon,2000,2672,6023,0,8695,0,8695,10208,1538,11746,11746
4727,lbn,Lebanon,2001,2816,3676,0,6492,0,6492,8754,1887,10641,10641
4728,lbn,Lebanon,2002,2826,156,0,2982,0,2982,26313,2364,28677,28677
4729,lbn,Lebanon,2003,2519,523,0,3042,0,3042,24929,2129,27058,27058
4730,lbn,Lebanon,2004,1753,671,0,2424,0,2424,19854,1610,21464,21464
4731,lbn,Lebanon,2005,1078,1438,0,2516,0,2516,18325,2004,20329,20329
4732,lbn,Lebanon,2006,20164,2557,0,22721,200000,222721,12249,3160,15409,215409
4733,lbn,Lebanon,2007,50330,569,0,50899,70000,120899,13089,2560,15649,85649
4734,lbn,Lebanon,2008,50413,511,0,50924,0,50924,12966,2276,15242,15242
4735,lbn,Lebanon,2009,50398,584,0,50982,0,50982,16250,1755,18005,18005
4736,lbn,Lebanon,2010,8045,1407,0,9452,0,9452,15864,1518,17382,17382
4737,lbn,Lebanon,2011,8971,1725,0,10696,0,10696,15004,1384,16388,16388
4738,lbn,Lebanon,2012,133913,1906,0,135819,0,135819,15100,1976,17076,17076
4739,lbn,Lebanon,2013,856539,2257,0,858796,0,858796,3809,2730,6539,6539
4740,lbn,Lebanon,2014,1154029,7435,0,1161464,0,1161464,4262,3833,8095,8095
4741,lbn,Lebanon,2015,1070844,12114,0,1082958,0,1082958,4353,5985,10338,10338
4742,lbn,Lebanon,2016,1012959,13724,0,1026683,0,1026683,4719,8484,13203,13203
4743,lbn,Lebanon,2017,998876,15321,0,1014197,0,1014197,5301,9285,14586,14586
4744,lbn,Lebanon,2018,949653,16404,0,966057,0,966057,5620,8058,13678,13678
4745,lbn,Lebanon,2019,916141,12095,0,928236,0,928236,5647,8032,13679,13679
4746,lbn,Lebanon,2020,870388,10278,0,880666,0,880666,5495,7964,13459,13459
4747,lbn,Lebanon,2021,845865,8717,0,854582,0,854582,6061,8873,14934,14934
4748,lbn,Lebanon,2022,818861,7995,0,826856,0,826856,6794,10289,17083,17083
4749,lbn,Lebanon,2023,799175,7769,0,806944,0,806944,7467,9984,17451,17451
4750,lso,Lesotho,1970,70,0,0,70,0,70,0,0,0,0
4751,lso,Lesotho,1971,190,0,0,190,0,190,60,0,60,60
4752,lso,Lesotho,1972,60,0,0,60,0,60,0,0,0,0
4753,lso,Lesotho,1973,180,0,0,180,0,180,0,0,0,0
4754,lso,Lesotho,1974,190,0,0,190,0,190,110,0,110,110
4755,lso,Lesotho,1975,190,0,0,190,0,190,310,0,310,310
4756,lso,Lesotho,1976,900,0,0,900,0,900,0,0,0,0
4757,lso,Lesotho,1977,1130,0,0,1130,0,1130,90,0,90,90
4758,lso,Lesotho,1978,990,0,0,990,0,990,160,0,160,160
4759,lso,Lesotho,1979,690,0,0,690,0,690,160,0,160,160
4760,lso,Lesotho,1980,10000,0,0,10000,0,10000,70,0,70,70
4761,lso,Lesotho,1981,11500,0,0,11500,0,11500,80,0,80,80
4762,lso,Lesotho,1982,11500,0,0,11500,0,11500,0,0,0,0
4763,lso,Lesotho,1983,11500,0,0,11500,0,11500,0,0,0,0
4764,lso,Lesotho,1984,11850,0,0,11850,0,11850,0,0,0,0
4765,lso,Lesotho,1985,11500,0,0,11500,0,11500,0,0,0,0
4766,lso,Lesotho,1986,11500,0,0,11500,0,11500,0,0,0,0
4767,lso,Lesotho,1987,4000,0,0,4000,0,4000,0,0,0,0
4768,lso,Lesotho,1988,4230,0,0,4230,0,4230,0,0,0,0
4769,lso,Lesotho,1989,4248,0,0,4248,0,4248,5,0,5,5
4770,lso,Lesotho,1990,212,0,0,212,0,212,5,0,5,5
4771,lso,Lesotho,1991,220,0,0,220,0,220,5,0,5,5
4772,lso,Lesotho,1992,117,0,0,117,0,117,0,0,0,0
4773,lso,Lesotho,1993,60,0,0,60,0,60,55,0,55,55
4774,lso,Lesotho,1994,57,0,0,57,0,57,0,0,0,0
4775,lso,Lesotho,1995,0,0,0,0,0,0,0,0,0,0
4776,lso,Lesotho,1996,0,0,0,0,0,0,0,0,0,0
4777,lso,Lesotho,1997,0,0,0,0,0,0,0,0,0,0
4778,lso,Lesotho,1998,0,0,0,0,0,0,0,0,0,0
4779,lso,Lesotho,1999,0,0,0,0,0,0,0,0,0,0
4780,lso,Lesotho,2000,0,0,0,0,0,0,0,0,0,0
4781,lso,Lesotho,2001,39,0,0,39,0,39,0,6,6,6
4782,lso,Lesotho,2002,0,0,0,0,0,0,5,5,10,10
4783,lso,Lesotho,2003,0,0,0,0,0,0,5,5,10,10
4784,lso,Lesotho,2004,0,0,0,0,0,0,5,10,15,15
4785,lso,Lesotho,2005,0,0,0,0,0,0,0,6,6,6
4786,lso,Lesotho,2006,0,0,0,0,0,0,5,5,10,10
4787,lso,Lesotho,2007,0,0,0,0,0,0,5,12,17,17
4788,lso,Lesotho,2008,0,0,0,0,0,0,5,17,22,22
4789,lso,Lesotho,2009,0,0,0,0,0,0,5,5,10,10
4790,lso,Lesotho,2010,0,0,0,0,0,0,5,5,10,10
4791,lso,Lesotho,2011,38,0,0,38,0,38,5,158,163,163
4792,lso,Lesotho,2012,33,0,0,33,0,33,5,279,284,284
4793,lso,Lesotho,2013,29,0,0,29,0,29,10,676,686,686
4794,lso,Lesotho,2014,43,0,0,43,0,43,16,665,681,681
4795,lso,Lesotho,2015,31,0,0,31,0,31,16,1091,1107,1107
4796,lso,Lesotho,2016,46,5,0,51,0,51,5,698,703,703
4797,lso,Lesotho,2017,55,28,0,83,0,83,6,20,26,26
4798,lso,Lesotho,2018,56,36,0,92,0,92,6,38,44,44
4799,lso,Lesotho,2019,143,78,0,221,0,221,6,49,55,55
4800,lso,Lesotho,2020,271,179,0,450,0,450,6,38,44,44
4801,lso,Lesotho,2021,296,226,0,522,0,522,6,41,47,47
4802,lso,Lesotho,2022,251,288,0,539,0,539,12,24,36,36
4803,lso,Lesotho,2023,308,321,0,629,0,629,12,19,31,31
4804,lbr,Liberia,1969,1000,0,0,1000,0,1000,0,0,0,0
4805,lbr,Liberia,1970,0,0,0,0,0,0,0,0,0,0
4806,lbr,Liberia,1971,60,0,0,60,0,60,0,0,0,0
4807,lbr,Liberia,1972,0,0,0,0,0,0,0,0,0,0
4808,lbr,Liberia,1973,0,0,0,0,0,0,0,0,0,0
4809,lbr,Liberia,1974,0,0,0,0,0,0,0,0,0,0
4810,lbr,Liberia,1975,0,0,0,0,0,0,0,0,0,0
4811,lbr,Liberia,1976,0,0,0,0,0,0,0,0,0,0
4812,lbr,Liberia,1977,1550,0,0,1550,0,1550,0,0,0,0
4813,lbr,Liberia,1978,0,0,0,0,0,0,0,0,0,0
4814,lbr,Liberia,1979,0,0,0,0,0,0,0,0,0,0
4815,lbr,Liberia,1980,0,0,0,0,0,0,0,0,0,0
4816,lbr,Liberia,1981,0,0,0,0,0,0,0,0,0,0
4817,lbr,Liberia,1982,0,0,0,0,0,0,0,0,0,0
4818,lbr,Liberia,1983,90,0,0,90,0,90,0,0,0,0
4819,lbr,Liberia,1984,260,0,0,260,0,260,0,0,0,0
4820,lbr,Liberia,1985,180,0,0,180,0,180,0,0,0,0
4821,lbr,Liberia,1986,250,0,0,250,0,250,0,0,0,0
4822,lbr,Liberia,1987,170,0,0,170,0,170,0,0,0,0
4823,lbr,Liberia,1988,80,0,0,80,0,80,30,0,30,30
4824,lbr,Liberia,1989,250,0,0,250,0,250,50,0,50,50
4825,lbr,Liberia,1990,0,0,0,0,0,0,735687,0,735687,735687
4826,lbr,Liberia,1991,0,0,0,0,0,0,673433,0,673433,673433
4827,lbr,Liberia,1992,100048,0,0,100048,0,100048,520914,0,520914,520914
4828,lbr,Liberia,1993,150155,0,0,150155,0,150155,704048,0,704048,704048
4829,lbr,Liberia,1994,120164,0,0,120164,220000,340164,797834,0,797834,1017834
4830,lbr,Liberia,1995,120082,0,0,120082,320000,440082,744627,0,744627,1064627
4831,lbr,Liberia,1996,120060,0,0,120060,320000,440060,783992,0,783992,1103992
4832,lbr,Liberia,1997,126882,0,0,126882,166000,292882,493324,0,493324,659324
4833,lbr,Liberia,1998,96310,0,0,96310,128292,224602,365390,0,365390,493682
4834,lbr,Liberia,1999,96310,0,0,96310,90584,186894,294685,0,294685,385269
4835,lbr,Liberia,2000,69307,0,0,69307,110686,179993,266926,4196,271122,381808
4836,lbr,Liberia,2001,54753,0,0,54753,196116,250869,244603,6357,250960,447076
4837,lbr,Liberia,2002,64946,7,0,64953,304115,369068,275414,10559,285973,590088
4838,lbr,Liberia,2003,33992,0,0,33992,531616,565608,353340,6186,359526,891142
4839,lbr,Liberia,2004,15168,0,0,15168,498566,513734,335466,7587,343053,841619
4840,lbr,Liberia,2005,10161,25,0,10186,237822,248008,231136,5975,237111,474933
4841,lbr,Liberia,2006,16179,48,0,16227,0,16227,160543,5000,165543,165543
4842,lbr,Liberia,2007,10456,88,0,10544,0,10544,91542,3518,95060,95060
4843,lbr,Liberia,2008,10216,30,0,10246,0,10246,75221,2381,77602,77602
4844,lbr,Liberia,2009,6943,532,0,7475,0,7475,71601,2195,73796,73796
4845,lbr,Liberia,2010,24735,26,0,24761,0,24761,70133,1909,72042,72042
4846,lbr,Liberia,2011,128283,569,0,128852,0,128852,66779,1957,68736,68736
4847,lbr,Liberia,2012,65899,46,0,65945,0,65945,23428,2021,25449,25449
4848,lbr,Liberia,2013,53243,48,0,53291,0,53291,17548,1982,19530,19530
4849,lbr,Liberia,2014,38586,33,0,38619,0,38619,13561,2319,15880,15880
4850,lbr,Liberia,2015,36495,11,0,36506,0,36506,9972,2414,12386,12386
4851,lbr,Liberia,2016,18978,14,0,18992,0,18992,6558,2601,9159,9159
4852,lbr,Liberia,2017,11109,30,0,11139,0,11139,6039,3362,9401,9401
4853,lbr,Liberia,2018,9103,40,0,9143,0,9143,5508,2986,8494,8494
4854,lbr,Liberia,2019,8225,11,0,8236,0,8236,5365,2953,8318,8318
4855,lbr,Liberia,2020,8213,10668,0,18881,0,18881,5195,3073,8268,8268
4856,lbr,Liberia,2021,8169,9818,0,17987,0,17987,5384,3090,8474,8474
4857,lbr,Liberia,2022,620,821,0,1441,0,1441,5156,3093,8249,8249
4858,lbr,Liberia,2023,1146,627,0,1773,0,1773,4914,3124,8038,8038
4859,lby,Libya,1980,0,0,0,0,0,0,205,0,205,205
4860,lby,Libya,1981,0,0,0,0,0,0,226,0,226,226
4861,lby,Libya,1982,0,0,0,0,0,0,259,0,259,259
4862,lby,Libya,1983,0,0,0,0,0,0,275,0,275,275
4863,lby,Libya,1984,0,0,0,0,0,0,291,0,291,291
4864,lby,Libya,1985,0,0,0,0,0,0,327,0,327,327
4865,lby,Libya,1986,0,0,0,0,0,0,304,0,304,304
4866,lby,Libya,1987,0,0,0,0,0,0,250,0,250,250
4867,lby,Libya,1988,0,0,0,0,0,0,659,0,659,659
4868,lby,Libya,1989,0,0,0,0,0,0,653,0,653,653
4869,lby,Libya,1990,0,0,0,0,0,0,579,0,579,579
4870,lby,Libya,1991,0,0,0,0,0,0,841,0,841,841
4871,lby,Libya,1992,0,0,0,0,0,0,687,0,687,687
4872,lby,Libya,1993,1183,0,0,1183,0,1183,595,0,595,595
4873,lby,Libya,1994,2001,0,0,2001,0,2001,669,0,669,669
4874,lby,Libya,1995,3973,0,0,3973,0,3973,622,0,622,622
4875,lby,Libya,1996,7747,0,0,7747,0,7747,271,0,271,271
4876,lby,Libya,1997,8477,0,0,8477,0,8477,266,0,266,266
4877,lby,Libya,1998,10555,0,0,10555,0,10555,432,0,432,432
4878,lby,Libya,1999,10531,0,0,10531,0,10531,563,0,563,563
4879,lby,Libya,2000,11541,208,0,11749,0,11749,603,531,1134,1134
4880,lby,Libya,2001,11662,12,0,11674,0,11674,877,484,1361,1361
4881,lby,Libya,2002,11666,29,0,11695,0,11695,1443,922,2365,2365
4882,lby,Libya,2003,11899,55,0,11954,0,11954,1553,898,2451,2451
4883,lby,Libya,2004,12164,196,0,12360,0,12360,1696,811,2507,2507
4884,lby,Libya,2005,12164,196,0,12360,0,12360,1556,763,2319,2319
4885,lby,Libya,2006,2760,1985,0,4745,0,4745,1557,657,2214,2214
4886,lby,Libya,2007,4090,2771,0,6861,0,6861,1939,613,2552,2552
4887,lby,Libya,2008,6713,4833,0,11546,0,11546,2068,753,2821,2821
4888,lby,Libya,2009,9000,3311,0,12311,0,12311,2189,636,2825,2825
4889,lby,Libya,2010,7922,3185,0,11107,0,11107,2297,558,2855,2855
4890,lby,Libya,2011,10129,2883,0,13012,93565,106577,4372,1954,6326,99891
4891,lby,Libya,2012,7065,6544,0,13609,59425,73034,5233,1894,7127,66552
4892,lby,Libya,2013,25561,6592,0,32153,53579,85732,3298,2068,5366,58945
4893,lby,Libya,2014,27964,8886,0,36850,363067,399917,4187,3886,8073,371140
4894,lby,Libya,2015,9305,27463,0,36768,434869,471637,6077,6042,12119,446988
4895,lby,Libya,2016,9311,29221,0,38532,174510,213042,8831,6521,15352,189862
4896,lby,Libya,2017,9352,35650,0,45002,180937,225939,11205,6842,18047,198984
4897,lby,Libya,2018,8792,47403,0,56195,170491,226686,13868,6786,20654,191145
4898,lby,Libya,2019,4730,40718,0,45448,355672,401120,16033,5986,22019,377691
4899,lby,Libya,2020,4149,40039,0,44188,278177,322365,17523,5440,22963,301140
4900,lby,Libya,2021,3141,36741,0,39882,179047,218929,19090,5717,24807,203854
4901,lby,Libya,2022,2208,42509,0,44717,161613,206330,17811,6076,23887,185500
4902,lby,Libya,2023,1552,42902,0,44454,161613,206067,18559,6751,25310,186923
4903,lie,Liechtenstein,2000,70,0,0,70,0,70,0,0,0,0
4904,lie,Liechtenstein,2001,140,184,0,324,0,324,0,0,0,0
4905,lie,Liechtenstein,2002,126,126,0,252,0,252,0,0,0,0
4906,lie,Liechtenstein,2003,147,85,0,232,0,232,0,0,0,0
4907,lie,Liechtenstein,2004,147,61,0,208,0,208,0,0,0,0
4908,lie,Liechtenstein,2005,148,58,0,206,0,206,0,0,0,0
4909,lie,Liechtenstein,2006,274,24,0,298,0,298,0,0,0,0
4910,lie,Liechtenstein,2007,278,10,0,288,0,288,0,0,0,0
4911,lie,Liechtenstein,2008,84,10,0,94,0,94,0,0,0,0
4912,lie,Liechtenstein,2009,86,48,0,134,0,134,0,0,0,0
4913,lie,Liechtenstein,2010,86,35,0,121,0,121,0,0,0,0
4914,lie,Liechtenstein,2011,88,48,0,136,0,136,0,0,0,0
4915,lie,Liechtenstein,2012,103,17,0,120,0,120,0,0,0,0
4916,lie,Liechtenstein,2013,96,20,0,116,0,116,0,0,0,0
4917,lie,Liechtenstein,2014,102,66,0,168,0,168,0,0,0,0
4918,lie,Liechtenstein,2015,146,87,0,233,0,233,0,0,0,0
4919,lie,Liechtenstein,2016,161,78,0,239,0,239,0,0,0,0
4920,lie,Liechtenstein,2017,164,79,0,243,0,243,0,0,0,0
4921,lie,Liechtenstein,2018,166,70,0,236,0,236,0,0,0,0
4922,lie,Liechtenstein,2019,125,29,0,154,0,154,0,14,14,14
4923,lie,Liechtenstein,2020,129,20,0,149,0,149,0,5,5,5
4924,lie,Liechtenstein,2021,133,22,0,155,0,155,5,5,10,10
4925,lie,Liechtenstein,2022,524,6,0,530,0,530,5,5,10,10
4926,lie,Liechtenstein,2023,605,16,0,621,0,621,5,0,5,5
4927,ltu,Lithuania,1990,0,0,0,0,0,0,5,0,5,5
4928,ltu,Lithuania,1991,0,0,0,0,0,0,5,0,5,5
4929,ltu,Lithuania,1992,0,0,0,0,0,0,10,0,10,10
4930,ltu,Lithuania,1993,0,0,0,0,0,0,15,0,15,15
4931,ltu,Lithuania,1994,0,0,0,0,0,0,63,0,63,63
4932,ltu,Lithuania,1995,0,0,0,0,0,0,107,0,107,107
4933,ltu,Lithuania,1996,0,0,0,0,0,0,659,0,659,659
4934,ltu,Lithuania,1997,5,0,0,5,0,5,650,0,650,650
4935,ltu,Lithuania,1998,30,0,0,30,0,30,276,0,276,276
4936,ltu,Lithuania,1999,38,0,0,38,0,38,251,0,251,251
4937,ltu,Lithuania,2000,48,56,0,104,0,104,155,138,293,293
4938,ltu,Lithuania,2001,283,84,0,367,0,367,210,256,466,466
4939,ltu,Lithuania,2002,363,212,0,575,0,575,1365,356,1721,1721
4940,ltu,Lithuania,2003,399,90,0,489,0,489,1535,358,1893,1893
4941,ltu,Lithuania,2004,469,22,0,491,0,491,1470,202,1672,1672
4942,ltu,Lithuania,2005,527,51,0,578,0,578,1440,181,1621,1621
4943,ltu,Lithuania,2006,527,40,0,567,0,567,936,152,1088,1088
4944,ltu,Lithuania,2007,688,25,0,713,0,713,461,83,544,544
4945,ltu,Lithuania,2008,749,93,0,842,0,842,486,60,546,546
4946,ltu,Lithuania,2009,790,69,0,859,0,859,496,110,606,606
4947,ltu,Lithuania,2010,808,67,0,875,0,875,508,120,628,628
4948,ltu,Lithuania,2011,824,73,0,897,0,897,523,111,634,634
4949,ltu,Lithuania,2012,871,70,0,941,0,941,487,90,577,577
4950,ltu,Lithuania,2013,918,74,0,992,0,992,217,76,293,293
4951,ltu,Lithuania,2014,1007,139,0,1146,0,1146,182,57,239,239
4952,ltu,Lithuania,2015,1094,75,0,1169,0,1169,143,64,207,207
4953,ltu,Lithuania,2016,1284,147,0,1431,0,1431,74,78,152,152
4954,ltu,Lithuania,2017,1577,249,0,1826,0,1826,73,95,168,168
4955,ltu,Lithuania,2018,1731,273,0,2004,0,2004,66,89,155,155
4956,ltu,Lithuania,2019,1822,408,0,2230,0,2230,61,76,137,137
4957,ltu,Lithuania,2020,1880,122,0,2002,0,2002,58,78,136,136
4958,ltu,Lithuania,2021,1880,122,0,2002,0,2002,54,114,168,168
4959,ltu,Lithuania,2022,67638,491,0,68129,0,68129,77,128,205,205
4960,ltu,Lithuania,2023,73170,269,0,73439,0,73439,57,129,186,186
4961,lux,Luxembourg,1951,1800,0,0,1800,0,1800,0,0,0,0
4962,lux,Luxembourg,1952,1800,0,0,1800,0,1800,0,0,0,0
4963,lux,Luxembourg,1953,1800,0,0,1800,0,1800,0,0,0,0
4964,lux,Luxembourg,1954,1800,0,0,1800,0,1800,0,0,0,0
4965,lux,Luxembourg,1955,1800,0,0,1800,0,1800,0,0,0,0
4966,lux,Luxembourg,1956,1900,0,0,1900,0,1900,0,0,0,0
4967,lux,Luxembourg,1957,1900,0,0,1900,0,1900,0,0,0,0
4968,lux,Luxembourg,1958,1900,0,0,1900,0,1900,0,0,0,0
4969,lux,Luxembourg,1959,1900,0,0,1900,0,1900,0,0,0,0
4970,lux,Luxembourg,1960,1900,0,0,1900,0,1900,0,0,0,0
4971,lux,Luxembourg,1961,1900,0,0,1900,0,1900,0,0,0,0
4972,lux,Luxembourg,1962,1900,0,0,1900,0,1900,0,0,0,0
4973,lux,Luxembourg,1963,1900,0,0,1900,0,1900,0,0,0,0
4974,lux,Luxembourg,1964,0,0,0,0,0,0,0,0,0,0
4975,lux,Luxembourg,1965,0,0,0,0,0,0,0,0,0,0
4976,lux,Luxembourg,1966,0,0,0,0,0,0,0,0,0,0
4977,lux,Luxembourg,1967,0,0,0,0,0,0,0,0,0,0
4978,lux,Luxembourg,1968,0,0,0,0,0,0,0,0,0,0
4979,lux,Luxembourg,1969,0,0,0,0,0,0,0,0,0,0
4980,lux,Luxembourg,1970,0,0,0,0,0,0,0,0,0,0
4981,lux,Luxembourg,1971,0,0,0,0,0,0,0,0,0,0
4982,lux,Luxembourg,1972,0,0,0,0,0,0,0,0,0,0
4983,lux,Luxembourg,1973,0,0,0,0,0,0,0,0,0,0
4984,lux,Luxembourg,1974,0,0,0,0,0,0,0,0,0,0
4985,lux,Luxembourg,1975,0,0,0,0,0,0,0,0,0,0
4986,lux,Luxembourg,1976,0,0,0,0,0,0,0,0,0,0
4987,lux,Luxembourg,1977,0,0,0,0,0,0,0,0,0,0
4988,lux,Luxembourg,1978,0,0,0,0,0,0,0,0,0,0
4989,lux,Luxembourg,1979,0,0,0,0,0,0,0,0,0,0
4990,lux,Luxembourg,1980,0,0,0,0,0,0,0,0,0,0
4991,lux,Luxembourg,1981,0,0,0,0,0,0,0,0,0,0
4992,lux,Luxembourg,1982,0,0,0,0,0,0,0,0,0,0
4993,lux,Luxembourg,1983,0,0,0,0,0,0,0,0,0,0
4994,lux,Luxembourg,1984,0,0,0,0,0,0,0,0,0,0
4995,lux,Luxembourg,1985,0,0,0,0,0,0,0,0,0,0
4996,lux,Luxembourg,1986,0,0,0,0,0,0,0,0,0,0
4997,lux,Luxembourg,1987,0,0,0,0,0,0,0,0,0,0
4998,lux,Luxembourg,1988,0,0,0,0,0,0,0,0,0,0
4999,lux,Luxembourg,1989,0,0,0,0,0,0,0,0,0,0
5000,lux,Luxembourg,1990,687,0,0,687,0,687,0,0,0,0
5001,lux,Luxembourg,1991,692,0,0,692,0,692,0,0,0,0
5002,lux,Luxembourg,1992,2208,0,0,2208,0,2208,0,0,0,0
5003,lux,Luxembourg,1993,225,0,0,225,0,225,0,0,0,0
5004,lux,Luxembourg,1994,300,0,0,300,0,300,0,0,0,0
5005,lux,Luxembourg,1995,700,0,0,700,0,700,0,0,0,0
5006,lux,Luxembourg,1996,700,0,0,700,0,700,0,0,0,0
5007,lux,Luxembourg,1997,700,0,0,700,0,700,0,0,0,0
5008,lux,Luxembourg,1998,700,0,0,700,0,700,0,0,0,0
5009,lux,Luxembourg,1999,700,0,0,700,0,700,0,0,0,0
5010,lux,Luxembourg,2000,759,0,0,759,0,759,0,0,0,0
5011,lux,Luxembourg,2001,1201,0,0,1201,0,1201,0,0,0,0
5012,lux,Luxembourg,2002,1201,0,0,1201,0,1201,0,0,0,0
5013,lux,Luxembourg,2003,1201,0,0,1201,0,1201,0,0,0,0
5014,lux,Luxembourg,2004,1590,0,0,1590,0,1590,0,0,0,0
5015,lux,Luxembourg,2005,1822,0,0,1822,0,1822,0,0,0,0
5016,lux,Luxembourg,2006,2206,50,0,2256,0,2256,0,0,0,0
5017,lux,Luxembourg,2007,2737,38,0,2775,0,2775,0,0,0,0
5018,lux,Luxembourg,2008,3109,29,0,3138,0,3138,0,0,0,0
5019,lux,Luxembourg,2009,3230,442,0,3672,0,3672,0,0,0,0
5020,lux,Luxembourg,2010,3254,660,0,3914,0,3914,0,0,0,0
5021,lux,Luxembourg,2011,2855,1694,0,4549,0,4549,0,0,0,0
5022,lux,Luxembourg,2012,2910,1239,0,4149,0,4149,0,0,0,0
5023,lux,Luxembourg,2013,901,1003,0,1904,0,1904,0,0,0,0
5024,lux,Luxembourg,2014,1091,1226,0,2317,0,2317,0,0,0,0
5025,lux,Luxembourg,2015,1306,2349,0,3655,0,3655,0,0,0,0
5026,lux,Luxembourg,2016,2020,2186,0,4206,0,4206,0,0,0,0
5027,lux,Luxembourg,2017,2020,1495,0,3515,0,3515,0,0,0,0
5028,lux,Luxembourg,2018,2020,1485,0,3505,0,3505,0,5,5,5
5029,lux,Luxembourg,2019,2548,1785,0,4333,0,4333,5,0,5,5
5030,lux,Luxembourg,2020,5158,1400,0,6558,0,6558,5,0,5,5
5031,lux,Luxembourg,2021,6011,1765,0,7776,0,7776,0,0,0,0
5032,lux,Luxembourg,2022,11952,2615,0,14567,0,14567,5,0,5,5
5033,lux,Luxembourg,2023,10639,2561,0,13200,0,13200,5,0,5,5
5034,mkd,"Macedonia, FYR",1992,32000,0,0,32000,0,32000,0,0,0,0
5035,mkd,"Macedonia, FYR",1993,31452,0,0,31452,0,31452,1895,0,1895,1895
5036,mkd,"Macedonia, FYR",1994,14891,0,0,14891,0,14891,346,0,346,346
5037,mkd,"Macedonia, FYR",1995,9048,0,0,9048,0,9048,12881,0,12881,12881
5038,mkd,"Macedonia, FYR",1996,5089,0,0,5089,0,5089,13039,0,13039,13039
5039,mkd,"Macedonia, FYR",1997,3500,0,0,3500,0,3500,12742,0,12742,12742
5040,mkd,"Macedonia, FYR",1998,1700,0,0,1700,0,1700,1934,0,1934,1934
5041,mkd,"Macedonia, FYR",1999,21200,0,0,21200,0,21200,2091,0,2091,2091
5042,mkd,"Macedonia, FYR",2000,9048,0,0,9048,0,9048,2175,505,2680,2680
5043,mkd,"Macedonia, FYR",2001,4362,53,0,4415,16371,20786,12192,2225,14417,30788
5044,mkd,"Macedonia, FYR",2002,2815,62,0,2877,9442,12319,8102,2120,10222,19664
5045,mkd,"Macedonia, FYR",2003,191,2285,0,2476,0,2476,5981,1171,7152,7152
5046,mkd,"Macedonia, FYR",2004,1003,1232,0,2235,0,2235,5106,695,5801,5801
5047,mkd,"Macedonia, FYR",2005,1273,724,0,1997,0,1997,8603,702,9305,9305
5048,mkd,"Macedonia, FYR",2006,1239,205,0,1444,0,1444,7937,1604,9541,9541
5049,mkd,"Macedonia, FYR",2007,1234,166,0,1400,0,1400,8072,1102,9174,9174
5050,mkd,"Macedonia, FYR",2008,1671,95,0,1766,0,1766,7513,1074,8587,8587
5051,mkd,"Macedonia, FYR",2009,1541,68,0,1609,0,1609,7921,868,8789,8789
5052,mkd,"Macedonia, FYR",2010,1397,149,0,1546,0,1546,7880,2842,10722,10722
5053,mkd,"Macedonia, FYR",2011,1129,384,0,1513,0,1513,7677,2262,9939,9939
5054,mkd,"Macedonia, FYR",2012,1076,518,0,1594,0,1594,7582,4644,12226,12226
5055,mkd,"Macedonia, FYR",2013,980,1091,0,2071,0,2071,1622,6681,8303,8303
5056,mkd,"Macedonia, FYR",2014,880,1547,0,2427,0,2427,1752,7788,9540,9540
5057,mkd,"Macedonia, FYR",2015,697,15,0,712,0,712,1769,14609,16378,16378
5058,mkd,"Macedonia, FYR",2016,634,15,0,649,0,649,1730,7054,8784,8784
5059,mkd,"Macedonia, FYR",2017,414,26,0,440,0,440,1653,4038,5691,5691
5060,mkd,"Macedonia, FYR",2018,413,5,0,418,0,418,1721,3228,4949,4949
5061,mkd,"Macedonia, FYR",2019,354,75,0,429,0,429,1784,2526,4310,4310
5062,mkd,"Macedonia, FYR",2020,303,21,0,324,0,324,1576,1715,3291,3291
5063,mkd,"Macedonia, FYR",2021,292,25,0,317,116,433,1842,3982,5824,5940
5064,mkd,"Macedonia, FYR",2022,7065,19,0,7084,0,7084,1862,5185,7047,7047
5065,mkd,"Macedonia, FYR",2023,8252,32,0,8284,0,8284,1862,5209,7071,7071
5066,mdg,Madagascar,1994,73,0,0,73,0,73,0,0,0,0
5067,mdg,Madagascar,1995,0,0,0,0,0,0,77,0,77,77
5068,mdg,Madagascar,1996,0,0,0,0,0,0,76,0,76,76
5069,mdg,Madagascar,1997,0,0,0,0,0,0,74,0,74,74
5070,mdg,Madagascar,1998,0,0,0,0,0,0,66,0,66,66
5071,mdg,Madagascar,1999,28,0,0,28,0,28,53,0,53,53
5072,mdg,Madagascar,2000,50,0,0,50,0,50,51,15,66,66
5073,mdg,Madagascar,2001,34,0,0,34,0,34,36,5,41,41
5074,mdg,Madagascar,2002,0,0,0,0,0,0,52,15,67,67
5075,mdg,Madagascar,2003,0,0,0,0,0,0,86,29,115,115
5076,mdg,Madagascar,2004,0,0,0,0,0,0,132,14,146,146
5077,mdg,Madagascar,2005,0,0,0,0,0,0,201,15,216,216
5078,mdg,Madagascar,2006,0,0,0,0,0,0,258,22,280,280
5079,mdg,Madagascar,2007,0,0,0,0,0,0,282,5,287,287
5080,mdg,Madagascar,2008,0,0,0,0,0,0,278,20,298,298
5081,mdg,Madagascar,2009,0,0,0,0,0,0,271,31,302,302
5082,mdg,Madagascar,2010,0,0,0,0,0,0,266,18,284,284
5083,mdg,Madagascar,2011,5,0,0,5,0,5,287,11,298,298
5084,mdg,Madagascar,2012,5,0,0,5,0,5,299,27,326,326
5085,mdg,Madagascar,2013,11,0,0,11,0,11,298,168,466,466
5086,mdg,Madagascar,2014,11,5,0,16,0,16,279,200,479,479
5087,mdg,Madagascar,2015,6,10,0,16,0,16,285,166,451,451
5088,mdg,Madagascar,2016,22,27,0,49,0,49,292,53,345,345
5089,mdg,Madagascar,2017,39,57,0,96,0,96,292,73,365,365
5090,mdg,Madagascar,2018,39,90,0,129,0,129,298,111,409,409
5091,mdg,Madagascar,2019,113,128,0,241,0,241,298,264,562,562
5092,mdg,Madagascar,2020,112,189,0,301,0,301,268,338,606,606
5093,mdg,Madagascar,2021,165,122,0,287,0,287,425,373,798,798
5094,mdg,Madagascar,2022,119,114,0,233,0,233,494,567,1061,1061
5095,mdg,Madagascar,2023,52,358,0,410,0,410,535,299,834,834
5096,mwi,Malawi,1966,0,0,0,0,0,0,150,0,150,150
5097,mwi,Malawi,1967,0,0,0,0,0,0,300,0,300,300
5098,mwi,Malawi,1968,0,0,0,0,0,0,140,0,140,140
5099,mwi,Malawi,1969,0,0,0,0,0,0,190,0,190,190
5100,mwi,Malawi,1970,0,0,0,0,0,0,250,0,250,250
5101,mwi,Malawi,1971,0,0,0,0,0,0,250,0,250,250
5102,mwi,Malawi,1972,0,0,0,0,0,0,250,0,250,250
5103,mwi,Malawi,1973,0,0,0,0,0,0,100,0,100,100
5104,mwi,Malawi,1974,0,0,0,0,0,0,80,0,80,80
5105,mwi,Malawi,1975,0,0,0,0,0,0,30350,0,30350,30350
5106,mwi,Malawi,1976,0,0,0,0,0,0,60,0,60,60
5107,mwi,Malawi,1977,0,0,0,0,0,0,1050,0,1050,1050
5108,mwi,Malawi,1978,0,0,0,0,0,0,310,0,310,310
5109,mwi,Malawi,1979,0,0,0,0,0,0,460,0,460,460
5110,mwi,Malawi,1980,0,0,0,0,0,0,420,0,420,420
5111,mwi,Malawi,1981,0,0,0,0,0,0,70,0,70,70
5112,mwi,Malawi,1982,0,0,0,0,0,0,240,0,240,240
5113,mwi,Malawi,1983,0,0,0,0,0,0,440,0,440,440
5114,mwi,Malawi,1984,0,0,0,0,0,0,440,0,440,440
5115,mwi,Malawi,1985,0,0,0,0,0,0,450,0,450,450
5116,mwi,Malawi,1986,100000,0,0,100000,0,100000,440,0,440,440
5117,mwi,Malawi,1987,401640,0,0,401640,0,401640,450,0,450,450
5118,mwi,Malawi,1988,628133,0,0,628133,0,628133,5,0,5,5
5119,mwi,Malawi,1989,822503,0,0,822503,0,822503,5,0,5,5
5120,mwi,Malawi,1990,926725,0,0,926725,0,926725,55,0,55,55
5121,mwi,Malawi,1991,981812,0,0,981812,0,981812,50,0,50,50
5122,mwi,Malawi,1992,1058498,0,0,1058498,0,1058498,50,0,50,50
5123,mwi,Malawi,1993,713605,0,0,713605,0,713605,43,0,43,43
5124,mwi,Malawi,1994,90242,0,0,90242,0,90242,60,0,60,60
5125,mwi,Malawi,1995,1018,0,0,1018,0,1018,37,0,37,37
5126,mwi,Malawi,1996,1267,0,0,1267,0,1267,40,0,40,40
5127,mwi,Malawi,1997,278,0,0,278,0,278,37,0,37,37
5128,mwi,Malawi,1998,1241,0,0,1241,0,1241,27,0,27,27
5129,mwi,Malawi,1999,1692,0,0,1692,0,1692,34,0,34,34
5130,mwi,Malawi,2000,3900,0,0,3900,0,3900,34,5,39,39
5131,mwi,Malawi,2001,6200,0,0,6200,0,6200,26,12,38,38
5132,mwi,Malawi,2002,2170,11065,0,13235,0,13235,48,147,195,195
5133,mwi,Malawi,2003,3208,8846,0,12054,0,12054,60,1450,1510,1510
5134,mwi,Malawi,2004,3682,3332,0,7014,0,7014,95,2937,3032,3032
5135,mwi,Malawi,2005,4241,5325,0,9566,0,9566,98,3846,3944,3944
5136,mwi,Malawi,2006,3943,5244,0,9187,0,9187,112,43,155,155
5137,mwi,Malawi,2007,2927,6776,0,9703,0,9703,93,8184,8277,8277
5138,mwi,Malawi,2008,4174,6538,0,10712,0,10712,103,8206,8309,8309
5139,mwi,Malawi,2009,5436,4600,0,10036,0,10036,126,42,168,168
5140,mwi,Malawi,2010,5738,9356,0,15094,0,15094,168,60,228,228
5141,mwi,Malawi,2011,6306,10542,0,16848,0,16848,216,2963,3179,3179
5142,mwi,Malawi,2012,6546,10110,0,16656,0,16656,273,4543,4816,4816
5143,mwi,Malawi,2013,5794,11136,0,16930,0,16930,323,4265,4588,4588
5144,mwi,Malawi,2014,5871,14493,0,20364,0,20364,356,3891,4247,4247
5145,mwi,Malawi,2015,9018,14467,0,23485,0,23485,429,5672,6101,6101
5146,mwi,Malawi,2016,9386,21022,0,30408,0,30408,427,3752,4179,4179
5147,mwi,Malawi,2017,8977,25987,0,34964,0,34964,434,3154,3588,3588
5148,mwi,Malawi,2018,13783,23135,0,36918,0,36918,472,2800,3272,3272
5149,mwi,Malawi,2019,14087,30293,0,44380,0,44380,514,2570,3084,3084
5150,mwi,Malawi,2020,14892,33129,0,48021,0,48021,514,2168,2682,2682
5151,mwi,Malawi,2021,21529,30904,0,52433,0,52433,513,2018,2531,2531
5152,mwi,Malawi,2022,35162,21263,0,56425,0,56425,499,1169,1668,1668
5153,mwi,Malawi,2023,34972,16494,0,51466,0,51466,506,1361,1867,1867
5154,mys,Malaysia,1977,96000,0,0,96000,0,96000,0,0,0,0
5155,mys,Malaysia,1978,141580,0,0,141580,0,141580,0,0,0,0
5156,mys,Malaysia,1979,124880,0,0,124880,0,124880,0,0,0,0
5157,mys,Malaysia,1980,104040,0,0,104040,0,104040,0,0,0,0
5158,mys,Malaysia,1981,103250,0,0,103250,0,103250,0,0,0,0
5159,mys,Malaysia,1982,99240,0,0,99240,0,99240,0,0,0,0
5160,mys,Malaysia,1983,110700,0,0,110700,0,110700,0,0,0,0
5161,mys,Malaysia,1984,109060,0,0,109060,0,109060,0,0,0,0
5162,mys,Malaysia,1985,105310,0,0,105310,0,105310,0,0,0,0
5163,mys,Malaysia,1986,99000,0,0,99000,0,99000,0,0,0,0
5164,mys,Malaysia,1987,99420,0,0,99420,0,99420,0,0,0,0
5165,mys,Malaysia,1988,104553,0,0,104553,0,104553,0,0,0,0
5166,mys,Malaysia,1989,110482,0,0,110482,0,110482,0,0,0,0
5167,mys,Malaysia,1990,14862,0,0,14862,0,14862,0,0,0,0
5168,mys,Malaysia,1991,13947,0,0,13947,0,13947,5,0,5,5
5169,mys,Malaysia,1992,11399,0,0,11399,0,11399,5,0,5,5
5170,mys,Malaysia,1993,145,0,0,145,0,145,5,0,5,5
5171,mys,Malaysia,1994,5298,0,0,5298,0,5298,83,0,83,83
5172,mys,Malaysia,1995,5279,0,0,5279,0,5279,82,0,82,82
5173,mys,Malaysia,1996,5305,0,0,5305,0,5305,105,0,105,105
5174,mys,Malaysia,1997,5277,0,0,5277,0,5277,88,0,88,88
5175,mys,Malaysia,1998,50603,0,0,50603,0,50603,87,0,87,87
5176,mys,Malaysia,1999,50509,0,0,50509,0,50509,83,0,83,83
5177,mys,Malaysia,2000,50477,21,0,50498,0,50498,79,240,319,319
5178,mys,Malaysia,2001,50456,238,0,50694,0,50694,77,312,389,389
5179,mys,Malaysia,2002,50614,1574,0,52188,0,52188,117,480,597,597
5180,mys,Malaysia,2003,7422,9199,0,16621,0,16621,235,325,560,560
5181,mys,Malaysia,2004,24900,10313,0,35213,0,35213,287,175,462,462
5182,mys,Malaysia,2005,33684,10829,0,44513,0,44513,388,184,572,572
5183,mys,Malaysia,2006,37158,9173,0,46331,0,46331,575,135,710,710
5184,mys,Malaysia,2007,32657,6834,0,39491,0,39491,611,112,723,723
5185,mys,Malaysia,2008,36668,9322,0,45990,0,45990,607,128,735,735
5186,mys,Malaysia,2009,66126,10253,0,76379,0,76379,530,148,678,678
5187,mys,Malaysia,2010,81518,11317,0,92835,0,92835,550,116,666,666
5188,mys,Malaysia,2011,86676,10918,0,97594,0,97594,531,136,667,667
5189,mys,Malaysia,2012,90173,11623,0,101796,0,101796,523,170,693,693
5190,mys,Malaysia,2013,97502,43007,0,140509,0,140509,478,266,744,744
5191,mys,Malaysia,2014,99362,51217,0,150579,0,150579,458,948,1406,1406
5192,mys,Malaysia,2015,94158,60393,0,154551,0,154551,435,2823,3258,3258
5193,mys,Malaysia,2016,92256,56313,0,148569,0,148569,453,6163,6616,6616
5194,mys,Malaysia,2017,103837,47509,0,151346,0,151346,540,9478,10018,10018
5195,mys,Malaysia,2018,121305,41801,0,163106,0,163106,817,15037,15854,15854
5196,mys,Malaysia,2019,129102,50619,0,179721,0,179721,906,21259,22165,22165
5197,mys,Malaysia,2020,129902,49822,0,179724,0,179724,1058,21474,22532,22532
5198,mys,Malaysia,2021,132086,49372,0,181458,0,181458,1182,20855,22037,22037
5199,mys,Malaysia,2022,134554,47433,0,181987,0,181987,1359,19764,21123,21123
5200,mys,Malaysia,2023,133821,46937,0,180758,0,180758,1380,20321,21701,21701
5201,mdv,Maldives,2004,0,0,0,0,0,0,0,5,5,5
5202,mdv,Maldives,2005,0,0,0,0,0,0,10,0,10,10
5203,mdv,Maldives,2006,0,0,0,0,0,0,15,0,15,15
5204,mdv,Maldives,2007,0,0,0,0,0,0,15,0,15,15
5205,mdv,Maldives,2008,0,0,0,0,0,0,15,0,15,15
5206,mdv,Maldives,2009,0,0,0,0,0,0,15,0,15,15
5207,mdv,Maldives,2010,0,0,0,0,0,0,16,0,16,16
5208,mdv,Maldives,2011,0,0,0,0,0,0,21,0,21,21
5209,mdv,Maldives,2012,0,0,0,0,0,0,22,31,53,53
5210,mdv,Maldives,2013,0,0,0,0,0,0,30,24,54,54
5211,mdv,Maldives,2014,0,0,0,0,0,0,32,5,37,37
5212,mdv,Maldives,2015,0,0,0,0,0,0,39,28,67,67
5213,mdv,Maldives,2016,0,0,0,0,0,0,58,35,93,93
5214,mdv,Maldives,2017,0,0,0,0,0,0,64,34,98,98
5215,mdv,Maldives,2018,0,0,0,0,0,0,74,35,109,109
5216,mdv,Maldives,2019,0,0,0,0,0,0,75,11,86,86
5217,mdv,Maldives,2020,0,0,0,0,0,0,78,23,101,101
5218,mdv,Maldives,2021,0,0,0,0,0,0,80,21,101,101
5219,mdv,Maldives,2022,0,0,0,0,0,0,82,22,104,104
5220,mdv,Maldives,2023,0,0,0,0,0,0,90,26,116,116
5221,mli,Mali,1971,60,0,0,60,0,60,0,0,0,0
5222,mli,Mali,1972,0,0,0,0,0,0,0,0,0,0
5223,mli,Mali,1973,0,0,0,0,0,0,0,0,0,0
5224,mli,Mali,1974,0,0,0,0,0,0,0,0,0,0
5225,mli,Mali,1975,0,0,0,0,0,0,0,0,0,0
5226,mli,Mali,1976,0,0,0,0,0,0,0,0,0,0
5227,mli,Mali,1977,0,0,0,0,0,0,0,0,0,0
5228,mli,Mali,1978,0,0,0,0,0,0,0,0,0,0
5229,mli,Mali,1979,0,0,0,0,0,0,0,0,0,0
5230,mli,Mali,1980,0,0,0,0,0,0,0,0,0,0
5231,mli,Mali,1981,0,0,0,0,0,0,0,0,0,0
5232,mli,Mali,1982,0,0,0,0,0,0,0,0,0,0
5233,mli,Mali,1983,0,0,0,0,0,0,0,0,0,0
5234,mli,Mali,1984,0,0,0,0,0,0,0,0,0,0
5235,mli,Mali,1985,0,0,0,0,0,0,0,0,0,0
5236,mli,Mali,1986,50,0,0,50,0,50,0,0,0,0
5237,mli,Mali,1987,50,0,0,50,0,50,0,0,0,0
5238,mli,Mali,1988,50,0,0,50,0,50,0,0,0,0
5239,mli,Mali,1989,50,0,0,50,0,50,0,0,0,0
5240,mli,Mali,1990,13411,0,0,13411,0,13411,0,0,0,0
5241,mli,Mali,1991,13120,0,0,13120,0,13120,14705,0,14705,14705
5242,mli,Mali,1992,13109,0,0,13109,0,13109,71190,0,71190,71190
5243,mli,Mali,1993,15224,0,0,15224,0,15224,98575,0,98575,98575
5244,mli,Mali,1994,15800,0,0,15800,3000,18800,172903,0,172903,175903
5245,mli,Mali,1995,17916,0,0,17916,0,17916,77218,0,77218,77218
5246,mli,Mali,1996,18234,0,0,18234,0,18234,55192,0,55192,55192
5247,mli,Mali,1997,12552,0,0,12552,0,12552,18014,0,18014,18014
5248,mli,Mali,1998,13594,0,0,13594,0,13594,3699,0,3699,3699
5249,mli,Mali,1999,8302,0,0,8302,0,8302,381,0,381,381
5250,mli,Mali,2000,8412,710,0,9122,0,9122,364,185,549,549
5251,mli,Mali,2001,8439,804,0,9243,0,9243,311,367,678,678
5252,mli,Mali,2002,9093,716,0,9809,0,9809,525,314,839,839
5253,mli,Mali,2003,10010,710,0,10720,0,10720,456,222,678,678
5254,mli,Mali,2004,11256,1081,0,12337,0,12337,476,191,667,667
5255,mli,Mali,2005,11232,1829,0,13061,0,13061,512,339,851,851
5256,mli,Mali,2006,10584,1879,0,12463,0,12463,586,411,997,997
5257,mli,Mali,2007,9202,1905,0,11107,0,11107,4489,625,5114,5114
5258,mli,Mali,2008,9574,1910,0,11484,0,11484,1751,738,2489,2489
5259,mli,Mali,2009,13532,1702,0,15234,0,15234,2927,759,3686,3686
5260,mli,Mali,2010,13552,1702,0,15254,0,15254,3659,385,4044,4044
5261,mli,Mali,2011,15618,2497,0,18115,0,18115,4289,389,4678,4678
5262,mli,Mali,2012,13930,236,0,14166,227930,242096,149930,1849,151779,379709
5263,mli,Mali,2013,14317,287,0,14604,254822,269426,152812,6529,159341,414163
5264,mli,Mali,2014,15193,633,0,15826,99816,115642,139249,12230,151479,251295
5265,mli,Mali,2015,15913,336,0,16249,61920,78169,154202,9874,164076,225996
5266,mli,Mali,2016,17510,299,0,17809,36690,54499,156415,9702,166117,202807
5267,mli,Mali,2017,17036,554,0,17590,38172,55762,150305,15086,165391,203563
5268,mli,Mali,2018,26538,917,0,27455,120298,147753,158267,10891,169158,289456
5269,mli,Mali,2019,26672,1004,0,27676,207751,235427,164466,8582,173048,380799
5270,mli,Mali,2020,47380,969,0,48349,332957,381306,164588,11131,175719,508676
5271,mli,Mali,2021,49975,863,0,50838,350110,400948,183392,24287,207679,557789
5272,mli,Mali,2022,60637,880,0,61517,379932,441449,225726,12360,238086,618018
5273,mli,Mali,2023,63999,894,0,64893,375539,440432,233188,10926,244114,619653
5274,mlt,Malta,1993,505,0,0,505,0,505,0,0,0,0
5275,mlt,Malta,1994,424,0,0,424,0,424,7,0,7,7
5276,mlt,Malta,1995,410,0,0,410,0,410,13,0,13,13
5277,mlt,Malta,1996,357,0,0,357,0,357,18,0,18,18
5278,mlt,Malta,1997,334,0,0,334,0,334,14,0,14,14
5279,mlt,Malta,1998,291,0,0,291,0,291,15,0,15,15
5280,mlt,Malta,1999,271,0,0,271,0,271,23,0,23,23
5281,mlt,Malta,2000,191,10,0,201,0,201,17,5,22,22
5282,mlt,Malta,2001,175,53,0,228,0,228,7,5,12,12
5283,mlt,Malta,2002,311,23,0,334,0,334,7,5,12,12
5284,mlt,Malta,2003,894,54,0,948,0,948,6,8,14,14
5285,mlt,Malta,2004,1561,140,0,1701,0,1701,0,5,5,5
5286,mlt,Malta,2005,1942,147,0,2089,0,2089,0,0,0,0
5287,mlt,Malta,2006,2407,205,0,2612,0,2612,25,5,30,30
5288,mlt,Malta,2007,3003,862,0,3865,0,3865,10,0,10,10
5289,mlt,Malta,2008,4329,1223,0,5552,0,5552,10,0,10,10
5290,mlt,Malta,2009,5951,1824,0,7775,0,7775,10,0,10,10
5291,mlt,Malta,2010,6143,1282,0,7425,0,7425,5,0,5,5
5292,mlt,Malta,2011,6948,1448,0,8396,0,8396,5,0,5,5
5293,mlt,Malta,2012,8242,754,0,8996,0,8996,5,0,5,5
5294,mlt,Malta,2013,9900,900,0,10800,0,10800,5,0,5,5
5295,mlt,Malta,2014,6095,176,0,6271,0,6271,0,0,0,0
5296,mlt,Malta,2015,7068,574,0,7642,0,7642,0,5,5,5
5297,mlt,Malta,2016,7941,868,0,8809,0,8809,0,0,0,0
5298,mlt,Malta,2017,7994,1349,0,9343,0,9343,0,5,5,5
5299,mlt,Malta,2018,8579,1860,0,10439,0,10439,5,10,15,15
5300,mlt,Malta,2019,8908,3681,0,12589,0,12589,5,15,20,20
5301,mlt,Malta,2020,9168,4047,0,13215,0,13215,5,10,15,15
5302,mlt,Malta,2021,9335,3674,0,13009,0,13009,7,5,12,12
5303,mlt,Malta,2022,11098,2070,0,13168,0,13168,0,10,10,10
5304,mlt,Malta,2023,11413,1989,0,13402,0,13402,0,8,8,8
5305,mhl,Marshall Islands,2013,0,0,0,0,0,0,5,5,10,10
5306,mhl,Marshall Islands,2014,0,0,0,0,0,0,5,6,11,11
5307,mhl,Marshall Islands,2015,0,0,0,0,0,0,5,6,11,11
5308,mhl,Marshall Islands,2016,0,0,0,0,0,0,5,0,5,5
5309,mhl,Marshall Islands,2017,0,0,0,0,0,0,7,0,7,7
5310,mhl,Marshall Islands,2018,0,0,0,0,0,0,7,0,7,7
5311,mhl,Marshall Islands,2019,0,0,0,0,0,0,7,0,7,7
5312,mhl,Marshall Islands,2020,0,0,0,0,0,0,7,50,57,57
5313,mhl,Marshall Islands,2021,0,0,0,0,0,0,7,0,7,7
5314,mhl,Marshall Islands,2022,0,0,0,0,0,0,0,0,0,0
5315,mhl,Marshall Islands,2023,0,0,0,0,0,0,0,5,5,5
5316,mrt,Mauritania,1987,50,0,0,50,0,50,0,0,0,0
5317,mrt,Mauritania,1988,0,0,0,0,0,0,0,0,0,0
5318,mrt,Mauritania,1989,15000,0,0,15000,0,15000,48236,0,48236,48236
5319,mrt,Mauritania,1990,60000,0,0,60000,0,60000,65995,0,65995,65995
5320,mrt,Mauritania,1991,35200,0,0,35200,0,35200,79874,0,79874,79874
5321,mrt,Mauritania,1992,37500,0,0,37500,0,37500,79594,0,79594,79594
5322,mrt,Mauritania,1993,51548,0,0,51548,0,51548,67887,0,67887,67887
5323,mrt,Mauritania,1994,82225,0,0,82225,0,82225,68039,0,68039,68039
5324,mrt,Mauritania,1995,34392,0,0,34392,0,34392,84310,0,84310,84310
5325,mrt,Mauritania,1996,15877,0,0,15877,0,15877,83231,0,83231,83231
5326,mrt,Mauritania,1997,7512,0,0,7512,0,7512,70294,0,70294,70294
5327,mrt,Mauritania,1998,26,0,0,26,0,26,70221,0,70221,70221
5328,mrt,Mauritania,1999,221,0,0,221,0,221,29942,0,29942,29942
5329,mrt,Mauritania,2000,350,41,0,391,0,391,29742,1782,31524,31524
5330,mrt,Mauritania,2001,363,27,0,390,0,390,29850,2557,32407,32407
5331,mrt,Mauritania,2002,398,15,0,413,0,413,30130,2972,33102,33102
5332,mrt,Mauritania,2003,475,50,0,525,0,525,30518,2872,33390,33390
5333,mrt,Mauritania,2004,473,110,0,583,0,583,31104,2573,33677,33677
5334,mrt,Mauritania,2005,627,92,0,719,0,719,31650,2297,33947,33947
5335,mrt,Mauritania,2006,771,92,0,863,0,863,33420,1795,35215,35215
5336,mrt,Mauritania,2007,30465,18,0,30483,0,30483,33095,1001,34096,34096
5337,mrt,Mauritania,2008,27036,53,0,27089,0,27089,45592,773,46365,46365
5338,mrt,Mauritania,2009,26789,112,0,26901,0,26901,39134,891,40025,40025
5339,mrt,Mauritania,2010,26709,237,0,26946,0,26946,37721,753,38474,38474
5340,mrt,Mauritania,2011,26535,269,0,26804,0,26804,39919,579,40498,40498
5341,mrt,Mauritania,2012,80500,796,0,81296,0,81296,33747,3028,36775,36775
5342,mrt,Mauritania,2013,92766,839,0,93605,0,93605,34239,3843,38082,38082
5343,mrt,Mauritania,2014,75628,417,0,76045,0,76045,34103,6997,41100,41100
5344,mrt,Mauritania,2015,77390,492,0,77882,0,77882,34656,7474,42130,42130
5345,mrt,Mauritania,2016,74146,573,0,74719,0,74719,36263,7386,43649,43649
5346,mrt,Mauritania,2017,77424,746,0,78170,0,78170,36525,7543,44068,44068
5347,mrt,Mauritania,2018,83183,1126,0,84309,0,84309,37050,8121,45171,45171
5348,mrt,Mauritania,2019,84900,1540,0,86440,0,86440,37423,8580,46003,46003
5349,mrt,Mauritania,2020,93607,1960,0,95567,0,95567,37931,9252,47183,47183
5350,mrt,Mauritania,2021,101942,3369,0,105311,0,105311,39279,8705,47984,47984
5351,mrt,Mauritania,2022,100981,5389,0,106370,0,106370,36928,8558,45486,45486
5352,mrt,Mauritania,2023,103441,4758,0,108199,0,108199,37216,9509,46725,46725
5353,mus,Mauritius,1995,0,0,0,0,0,0,12,0,12,12
5354,mus,Mauritius,1996,0,0,0,0,0,0,10,0,10,10
5355,mus,Mauritius,1997,0,0,0,0,0,0,0,0,0,0
5356,mus,Mauritius,1998,0,0,0,0,0,0,12,0,12,12
5357,mus,Mauritius,1999,43,0,0,43,0,43,5,0,5,5
5358,mus,Mauritius,2000,0,0,0,0,0,0,29,15,44,44
5359,mus,Mauritius,2001,14,0,0,14,0,14,30,21,51,51
5360,mus,Mauritius,2002,0,0,0,0,0,0,39,18,57,57
5361,mus,Mauritius,2003,0,0,0,0,0,0,54,19,73,73
5362,mus,Mauritius,2004,0,0,0,0,0,0,15,11,26,26
5363,mus,Mauritius,2005,0,0,0,0,0,0,22,17,39,39
5364,mus,Mauritius,2006,0,0,0,0,0,0,75,21,96,96
5365,mus,Mauritius,2007,0,0,0,0,0,0,67,15,82,82
5366,mus,Mauritius,2008,0,0,0,0,0,0,20,21,41,41
5367,mus,Mauritius,2009,0,0,0,0,0,0,21,16,37,37
5368,mus,Mauritius,2010,0,0,0,0,0,0,25,40,65,65
5369,mus,Mauritius,2011,0,0,0,0,0,0,36,107,143,143
5370,mus,Mauritius,2012,0,0,0,0,0,0,57,114,171,171
5371,mus,Mauritius,2013,0,0,0,0,0,0,72,120,192,192
5372,mus,Mauritius,2014,0,0,0,0,0,0,91,151,242,242
5373,mus,Mauritius,2015,0,0,0,0,0,0,101,202,303,303
5374,mus,Mauritius,2016,0,5,0,5,0,5,106,203,309,309
5375,mus,Mauritius,2017,5,0,0,5,0,5,130,229,359,359
5376,mus,Mauritius,2018,16,0,0,16,0,16,156,294,450,450
5377,mus,Mauritius,2019,20,5,0,25,0,25,178,304,482,482
5378,mus,Mauritius,2020,20,0,0,20,0,20,176,338,514,514
5379,mus,Mauritius,2021,10,0,0,10,0,10,198,351,549,549
5380,mus,Mauritius,2022,0,0,0,0,0,0,208,428,636,636
5381,mus,Mauritius,2023,5,8,0,13,0,13,214,619,833,833
5382,mex,Mexico,1970,3000,0,0,3000,0,3000,0,0,0,0
5383,mex,Mexico,1971,3000,0,0,3000,0,3000,0,0,0,0
5384,mex,Mexico,1972,3000,0,0,3000,0,3000,0,0,0,0
5385,mex,Mexico,1973,4000,0,0,4000,0,4000,0,0,0,0
5386,mex,Mexico,1974,3500,0,0,3500,0,3500,0,0,0,0
5387,mex,Mexico,1975,0,0,0,0,0,0,0,0,0,0
5388,mex,Mexico,1976,0,0,0,0,0,0,0,0,0,0
5389,mex,Mexico,1977,4000,0,0,4000,0,4000,0,0,0,0
5390,mex,Mexico,1978,5000,0,0,5000,0,5000,0,0,0,0
5391,mex,Mexico,1979,5770,0,0,5770,0,5770,0,0,0,0
5392,mex,Mexico,1980,44000,0,0,44000,0,44000,0,0,0,0
5393,mex,Mexico,1981,150000,0,0,150000,0,150000,0,0,0,0
5394,mex,Mexico,1982,167750,0,0,167750,0,167750,0,0,0,0
5395,mex,Mexico,1983,170000,0,0,170000,0,170000,0,0,0,0
5396,mex,Mexico,1984,175000,0,0,175000,0,175000,0,0,0,0
5397,mex,Mexico,1985,175000,0,0,175000,0,175000,0,0,0,0
5398,mex,Mexico,1986,175100,0,0,175100,0,175100,0,0,0,0
5399,mex,Mexico,1987,177090,0,0,177090,0,177090,0,0,0,0
5400,mex,Mexico,1988,356400,0,0,356400,0,356400,0,0,0,0
5401,mex,Mexico,1989,356507,0,0,356507,0,356507,0,0,0,0
5402,mex,Mexico,1990,356400,0,0,356400,0,356400,0,0,0,0
5403,mex,Mexico,1991,360170,0,0,360170,0,360170,0,0,0,0
5404,mex,Mexico,1992,360991,0,0,360991,0,360991,0,0,0,0
5405,mex,Mexico,1993,52472,0,0,52472,0,52472,0,0,0,0
5406,mex,Mexico,1994,47357,0,0,47357,0,47357,248,0,248,248
5407,mex,Mexico,1995,38717,0,0,38717,0,38717,361,0,361,361
5408,mex,Mexico,1996,34569,0,0,34569,0,34569,520,0,520,520
5409,mex,Mexico,1997,31892,0,0,31892,0,31892,663,0,663,663
5410,mex,Mexico,1998,28242,0,0,28242,0,28242,1011,0,1011,1011
5411,mex,Mexico,1999,24506,0,0,24506,0,24506,1358,0,1358,1358
5412,mex,Mexico,2000,18452,6,0,18458,0,18458,1288,13058,14346,14346
5413,mex,Mexico,2001,15452,10,0,15462,0,15462,1592,22473,24065,24065
5414,mex,Mexico,2002,12953,15,0,12968,0,12968,1668,30872,32540,32540
5415,mex,Mexico,2003,6068,66,0,6134,0,6134,1650,26460,28110,28110
5416,mex,Mexico,2004,4336,154,0,4490,0,4490,1740,18831,20571,20571
5417,mex,Mexico,2005,3212,142,0,3354,0,3354,2309,12614,14923,14923
5418,mex,Mexico,2006,3309,128,0,3437,0,3437,3301,11816,15117,15117
5419,mex,Mexico,2007,1603,44,0,1647,0,1647,5568,14761,20329,20329
5420,mex,Mexico,2008,1038,15,0,1053,0,1053,6160,17435,23595,23595
5421,mex,Mexico,2009,1215,87,0,1302,0,1302,6433,20402,26835,26835
5422,mex,Mexico,2010,1364,156,0,1520,0,1520,6809,9956,16765,16765
5423,mex,Mexico,2011,1647,611,0,2258,0,2258,7471,5328,12799,12799
5424,mex,Mexico,2012,1501,353,0,1854,0,1854,8438,3605,12043,12043
5425,mex,Mexico,2013,1814,1347,0,3161,0,3161,9396,12267,21663,21663
5426,mex,Mexico,2014,1820,2862,0,4682,0,4682,10672,29351,40023,40023
5427,mex,Mexico,2015,2904,1344,0,4248,0,4248,11340,46250,57590,57590
5428,mex,Mexico,2016,6178,2636,0,8814,0,8814,10387,64256,74643,74643
5429,mex,Mexico,2017,8993,10357,0,19350,0,19350,11679,85078,96757,96757
5430,mex,Mexico,2018,16530,23833,42104,82467,0,82467,12870,89794,102664,102664
5431,mex,Mexico,2019,28517,69451,52982,150950,0,150950,14621,101654,116275,116275
5432,mex,Mexico,2020,45434,83792,81847,211073,0,211073,15398,111728,127126,127126
5433,mex,Mexico,2021,73448,157150,63179,293777,0,293777,16403,117936,134339,134339
5434,mex,Mexico,2022,95579,210609,53027,359215,262411,621626,17635,126428,144063,406474
5435,mex,Mexico,2023,105272,259364,51156,415792,262411,678203,18944,138755,157699,420110
5436,fsm,"Micronesia, Fed. Sts.",2002,0,0,0,0,0,0,0,5,5,5
5437,fsm,"Micronesia, Fed. Sts.",2003,0,0,0,0,0,0,0,5,5,5
5438,fsm,"Micronesia, Fed. Sts.",2004,0,0,0,0,0,0,0,5,5,5
5439,fsm,"Micronesia, Fed. Sts.",2005,0,0,0,0,0,0,0,0,0,0
5440,fsm,"Micronesia, Fed. Sts.",2006,0,0,0,0,0,0,0,0,0,0
5441,fsm,"Micronesia, Fed. Sts.",2007,0,0,0,0,0,0,0,0,0,0
5442,fsm,"Micronesia, Fed. Sts.",2008,0,0,0,0,0,0,0,0,0,0
5443,fsm,"Micronesia, Fed. Sts.",2009,0,0,0,0,0,0,0,0,0,0
5444,fsm,"Micronesia, Fed. Sts.",2010,0,0,0,0,0,0,0,0,0,0
5445,fsm,"Micronesia, Fed. Sts.",2011,0,0,0,0,0,0,0,0,0,0
5446,fsm,"Micronesia, Fed. Sts.",2012,0,0,0,0,0,0,0,0,0,0
5447,fsm,"Micronesia, Fed. Sts.",2013,0,0,0,0,0,0,0,0,0,0
5448,fsm,"Micronesia, Fed. Sts.",2014,0,0,0,0,0,0,0,0,0,0
5449,fsm,"Micronesia, Fed. Sts.",2015,5,10,0,15,0,15,0,6,6,6
5450,fsm,"Micronesia, Fed. Sts.",2016,5,0,0,5,0,5,0,0,0,0
5451,fsm,"Micronesia, Fed. Sts.",2017,0,0,0,0,0,0,0,0,0,0
5452,fsm,"Micronesia, Fed. Sts.",2018,0,0,0,0,0,0,0,0,0,0
5453,fsm,"Micronesia, Fed. Sts.",2019,0,0,0,0,0,0,0,0,0,0
5454,fsm,"Micronesia, Fed. Sts.",2020,0,0,0,0,0,0,0,0,0,0
5455,fsm,"Micronesia, Fed. Sts.",2021,0,0,0,0,0,0,0,0,0,0
5456,fsm,"Micronesia, Fed. Sts.",2022,0,0,0,0,0,0,0,5,5,5
5457,mda,Moldova,1993,0,0,0,0,0,0,5,0,5,5
5458,mda,Moldova,1994,0,0,0,0,0,0,455,0,455,455
5459,mda,Moldova,1995,0,0,0,0,0,0,524,0,524,524
5460,mda,Moldova,1996,0,0,0,0,0,0,5826,0,5826,5826
5461,mda,Moldova,1997,0,0,0,0,1278,1278,5137,0,5137,6415
5462,mda,Moldova,1998,0,0,0,0,1278,1278,2750,0,2750,4028
5463,mda,Moldova,1999,10,0,0,10,8080,8090,2405,0,2405,10485
5464,mda,Moldova,2000,64,187,0,251,8080,8331,2650,866,3516,11596
5465,mda,Moldova,2001,156,105,0,261,1000,1261,3731,2151,5882,6882
5466,mda,Moldova,2002,172,83,0,255,1000,1255,10121,1520,11641,12641
5467,mda,Moldova,2003,97,131,0,228,0,228,11141,978,12119,12119
5468,mda,Moldova,2004,51,184,0,235,0,235,11936,615,12551,12551
5469,mda,Moldova,2005,79,137,0,216,0,216,12065,569,12634,12634
5470,mda,Moldova,2006,157,60,0,217,0,217,11680,1272,12952,12952
5471,mda,Moldova,2007,140,63,0,203,0,203,4913,909,5822,5822
5472,mda,Moldova,2008,135,18,0,153,0,153,5551,879,6430,6430
5473,mda,Moldova,2009,131,45,0,176,0,176,5928,734,6662,6662
5474,mda,Moldova,2010,132,74,0,206,0,206,6204,635,6839,6839
5475,mda,Moldova,2011,131,42,0,173,0,173,6261,457,6718,6718
5476,mda,Moldova,2012,176,53,0,229,0,229,6148,430,6578,6578
5477,mda,Moldova,2013,237,62,0,299,0,299,2210,877,3087,3087
5478,mda,Moldova,2014,323,130,0,453,0,453,2230,1440,3670,3670
5479,mda,Moldova,2015,434,94,0,528,0,528,2289,3437,5726,5726
5480,mda,Moldova,2016,419,75,0,494,0,494,2316,4354,6670,6670
5481,mda,Moldova,2017,391,61,0,452,0,452,2339,3418,5757,5757
5482,mda,Moldova,2018,409,93,0,502,0,502,2397,4537,6934,6934
5483,mda,Moldova,2019,417,94,0,511,0,511,2427,5653,8080,8080
5484,mda,Moldova,2020,405,59,0,464,0,464,2206,5510,7716,7716
5485,mda,Moldova,2021,349,56,0,405,0,405,2190,6881,9071,9071
5486,mda,Moldova,2022,105374,3620,0,108994,0,108994,4799,7006,11805,11805
5487,mda,Moldova,2023,106945,1795,0,108740,0,108740,5611,6568,12179,12179
5488,mco,Monaco,2005,0,0,0,0,0,0,0,5,5,5
5489,mco,Monaco,2006,0,0,0,0,0,0,0,5,5,5
5490,mco,Monaco,2007,0,0,0,0,0,0,0,0,0,0
5491,mco,Monaco,2008,0,0,0,0,0,0,0,0,0,0
5492,mco,Monaco,2009,0,0,0,0,0,0,0,0,0,0
5493,mco,Monaco,2010,0,0,0,0,0,0,0,0,0,0
5494,mco,Monaco,2011,37,0,0,37,0,37,5,0,5,5
5495,mco,Monaco,2012,37,0,0,37,0,37,5,0,5,5
5496,mco,Monaco,2013,34,0,0,34,0,34,5,0,5,5
5497,mco,Monaco,2014,33,0,0,33,0,33,5,6,11,11
5498,mco,Monaco,2015,32,0,0,32,0,32,5,0,5,5
5499,mco,Monaco,2016,27,0,0,27,0,27,5,0,5,5
5500,mco,Monaco,2017,25,0,0,25,0,25,5,0,5,5
5501,mco,Monaco,2018,25,0,0,25,0,25,5,0,5,5
5502,mco,Monaco,2019,22,0,0,22,0,22,5,0,5,5
5503,mco,Monaco,2020,22,0,0,22,0,22,0,0,0,0
5504,mco,Monaco,2021,17,0,0,17,0,17,0,0,0,0
5505,mco,Monaco,2022,17,0,0,17,0,17,0,0,0,0
5506,mco,Monaco,2023,17,0,0,17,0,17,0,0,0,0
5507,mng,Mongolia,1996,0,0,0,0,0,0,5,0,5,5
5508,mng,Mongolia,1997,0,0,0,0,0,0,10,0,10,10
5509,mng,Mongolia,1998,0,0,0,0,0,0,17,0,17,17
5510,mng,Mongolia,1999,0,0,0,0,0,0,25,0,25,25
5511,mng,Mongolia,2000,0,0,0,0,0,0,25,597,622,622
5512,mng,Mongolia,2001,0,0,0,0,0,0,57,850,907,907
5513,mng,Mongolia,2002,0,0,0,0,0,0,277,1029,1306,1306
5514,mng,Mongolia,2003,0,0,0,0,0,0,324,693,1017,1017
5515,mng,Mongolia,2004,0,0,0,0,0,0,443,561,1004,1004
5516,mng,Mongolia,2005,0,0,0,0,0,0,655,645,1300,1300
5517,mng,Mongolia,2006,5,0,0,5,0,5,866,1853,2719,2719
5518,mng,Mongolia,2007,5,5,0,10,0,10,1103,1958,3061,3061
5519,mng,Mongolia,2008,11,0,0,11,0,11,1329,2069,3398,3398
5520,mng,Mongolia,2009,11,0,0,11,0,11,1490,2291,3781,3781
5521,mng,Mongolia,2010,12,0,0,12,0,12,1720,1788,3508,3508
5522,mng,Mongolia,2011,0,5,0,5,0,5,1982,1443,3425,3425
5523,mng,Mongolia,2012,5,11,0,16,0,16,2111,941,3052,3052
5524,mng,Mongolia,2013,8,5,0,13,0,13,2054,1255,3309,3309
5525,mng,Mongolia,2014,5,5,0,10,0,10,2162,2204,4366,4366
5526,mng,Mongolia,2015,11,5,0,16,0,16,2198,3529,5727,5727
5527,mng,Mongolia,2016,10,0,0,10,0,10,2282,3831,6113,6113
5528,mng,Mongolia,2017,5,5,0,10,0,10,2227,4169,6396,6396
5529,mng,Mongolia,2018,5,0,0,5,0,5,2249,4389,6638,6638
5530,mng,Mongolia,2019,0,5,0,5,0,5,2364,4057,6421,6421
5531,mng,Mongolia,2020,0,10,0,10,0,10,2277,4127,6404,6404
5532,mng,Mongolia,2021,0,5,0,5,0,5,2508,4673,7181,7181
5533,mng,Mongolia,2022,10,0,0,10,0,10,2413,4940,7353,7353
5534,mng,Mongolia,2023,10,0,0,10,0,10,2420,5440,7860,7860
5535,mne,Montenegro,2006,6926,11,0,6937,16196,23133,136,123,259,16455
5536,mne,Montenegro,2007,8527,0,0,8527,16155,24682,555,295,850,17005
5537,mne,Montenegro,2008,24739,0,0,24739,0,24739,1280,180,1460,1460
5538,mne,Montenegro,2009,24017,7,0,24024,0,24024,2578,173,2751,2751
5539,mne,Montenegro,2010,16363,5,0,16368,0,16368,3243,181,3424,3424
5540,mne,Montenegro,2011,12871,34,0,12905,0,12905,3699,300,3999,3999
5541,mne,Montenegro,2012,11193,108,0,11301,0,11301,4052,371,4423,4423
5542,mne,Montenegro,2013,8471,189,0,8660,0,8660,542,577,1119,1119
5543,mne,Montenegro,2014,6455,70,0,6525,0,6525,601,1273,1874,1874
5544,mne,Montenegro,2015,1762,18,0,1780,0,1780,646,3015,3661,3661
5545,mne,Montenegro,2016,970,73,0,1043,0,1043,713,1132,1845,1845
5546,mne,Montenegro,2017,794,173,0,967,0,967,704,770,1474,1474
5547,mne,Montenegro,2018,727,162,0,889,0,889,715,633,1348,1348
5548,mne,Montenegro,2019,653,484,0,1137,0,1137,659,606,1265,1265
5549,mne,Montenegro,2020,166,193,0,359,0,359,530,634,1164,1164
5550,mne,Montenegro,2021,175,132,0,307,0,307,623,809,1432,1432
5551,mne,Montenegro,2022,32438,167,0,32605,0,32605,612,955,1567,1567
5552,mne,Montenegro,2023,40597,146,0,40743,0,40743,613,1111,1724,1724
5553,mar,Morocco,1951,3000,0,0,3000,0,3000,0,0,0,0
5554,mar,Morocco,1952,2900,0,0,2900,0,2900,0,0,0,0
5555,mar,Morocco,1953,2800,0,0,2800,0,2800,0,0,0,0
5556,mar,Morocco,1954,3500,0,0,3500,0,3500,0,0,0,0
5557,mar,Morocco,1955,0,0,0,0,0,0,0,0,0,0
5558,mar,Morocco,1956,0,0,0,0,0,0,0,0,0,0
5559,mar,Morocco,1957,0,0,0,0,0,0,0,0,0,0
5560,mar,Morocco,1958,2700,0,0,2700,0,2700,0,0,0,0
5561,mar,Morocco,1959,2700,0,0,2700,0,2700,0,0,0,0
5562,mar,Morocco,1960,2700,0,0,2700,0,2700,0,0,0,0
5563,mar,Morocco,1961,2900,0,0,2900,0,2900,0,0,0,0
5564,mar,Morocco,1962,2900,0,0,2900,0,2900,0,0,0,0
5565,mar,Morocco,1963,3200,0,0,3200,0,3200,0,0,0,0
5566,mar,Morocco,1964,3000,0,0,3000,0,3000,0,0,0,0
5567,mar,Morocco,1965,2360,0,0,2360,0,2360,0,0,0,0
5568,mar,Morocco,1966,2180,0,0,2180,0,2180,0,0,0,0
5569,mar,Morocco,1967,3000,0,0,3000,0,3000,0,0,0,0
5570,mar,Morocco,1968,1480,0,0,1480,0,1480,0,0,0,0
5571,mar,Morocco,1969,1440,0,0,1440,0,1440,0,0,0,0
5572,mar,Morocco,1970,1440,0,0,1440,0,1440,0,0,0,0
5573,mar,Morocco,1971,1430,0,0,1430,0,1430,0,0,0,0
5574,mar,Morocco,1972,1380,0,0,1380,0,1380,0,0,0,0
5575,mar,Morocco,1973,860,0,0,860,0,860,0,0,0,0
5576,mar,Morocco,1974,620,0,0,620,0,620,0,0,0,0
5577,mar,Morocco,1975,510,0,0,510,0,510,0,0,0,0
5578,mar,Morocco,1976,360,0,0,360,0,360,0,0,0,0
5579,mar,Morocco,1977,500,0,0,500,0,500,0,0,0,0
5580,mar,Morocco,1978,500,0,0,500,0,500,0,0,0,0
5581,mar,Morocco,1979,500,0,0,500,0,500,0,0,0,0
5582,mar,Morocco,1980,340,0,0,340,0,340,0,0,0,0
5583,mar,Morocco,1981,500,0,0,500,0,500,0,0,0,0
5584,mar,Morocco,1982,510,0,0,510,0,510,0,0,0,0
5585,mar,Morocco,1983,540,0,0,540,0,540,0,0,0,0
5586,mar,Morocco,1984,800,0,0,800,0,800,0,0,0,0
5587,mar,Morocco,1985,860,0,0,860,0,860,0,0,0,0
5588,mar,Morocco,1986,800,0,0,800,0,800,0,0,0,0
5589,mar,Morocco,1987,800,0,0,800,0,800,0,0,0,0
5590,mar,Morocco,1988,800,0,0,800,0,800,5,0,5,5
5591,mar,Morocco,1989,303,0,0,303,0,303,5,0,5,5
5592,mar,Morocco,1990,311,0,0,311,0,311,14,0,14,14
5593,mar,Morocco,1991,322,0,0,322,0,322,46,0,46,46
5594,mar,Morocco,1992,319,0,0,319,0,319,92,0,92,92
5595,mar,Morocco,1993,336,0,0,336,0,336,105,0,105,105
5596,mar,Morocco,1994,336,0,0,336,0,336,179,0,179,179
5597,mar,Morocco,1995,38,0,0,38,0,38,300,0,300,300
5598,mar,Morocco,1996,36,0,0,36,0,36,302,0,302,302
5599,mar,Morocco,1997,42,0,0,42,0,42,309,0,309,309
5600,mar,Morocco,1998,901,0,0,901,0,901,351,0,351,351
5601,mar,Morocco,1999,901,0,0,901,0,901,373,0,373,373
5602,mar,Morocco,2000,2107,0,0,2107,0,2107,394,183,577,577
5603,mar,Morocco,2001,2093,448,0,2541,0,2541,357,270,627,627
5604,mar,Morocco,2002,2127,111,0,2238,0,2238,1266,294,1560,1560
5605,mar,Morocco,2003,2119,174,0,2293,0,2293,1291,263,1554,1554
5606,mar,Morocco,2004,189,174,0,363,0,363,1313,251,1564,1564
5607,mar,Morocco,2005,210,1838,0,2048,0,2048,2914,449,3363,3363
5608,mar,Morocco,2006,495,1368,0,1863,0,1863,4699,582,5281,5281
5609,mar,Morocco,2007,779,667,0,1446,0,1446,4036,463,4499,4499
5610,mar,Morocco,2008,768,439,0,1207,0,1207,3520,526,4046,4046
5611,mar,Morocco,2009,776,315,0,1091,0,1091,2277,603,2880,2880
5612,mar,Morocco,2010,798,269,0,1067,0,1067,2276,832,3108,3108
5613,mar,Morocco,2011,736,602,0,1338,0,1338,2305,1134,3439,3439
5614,mar,Morocco,2012,745,2161,0,2906,0,2906,2394,1759,4153,4153
5615,mar,Morocco,2013,1458,3486,0,4944,0,4944,1290,2864,4154,4154
5616,mar,Morocco,2014,1205,1828,0,3033,0,3033,1523,3221,4744,4744
5617,mar,Morocco,2015,3899,1534,0,5433,0,5433,1760,5575,7335,7335
5618,mar,Morocco,2016,4762,1943,0,6705,0,6705,2240,7251,9491,9491
5619,mar,Morocco,2017,4703,2050,0,6753,0,6753,3089,6853,9942,9942
5620,mar,Morocco,2018,5932,1829,0,7761,0,7761,3873,8163,12036,12036
5621,mar,Morocco,2019,6642,3079,0,9721,0,9721,4642,8322,12964,12964
5622,mar,Morocco,2020,6505,7011,0,13516,0,13516,4467,8239,12706,12706
5623,mar,Morocco,2021,7272,10956,0,18228,0,18228,5385,12632,18017,18017
5624,mar,Morocco,2022,7907,10159,0,18066,0,18066,10435,18121,28556,28556
5625,mar,Morocco,2023,8244,11240,0,19484,0,19484,10451,15966,26417,26417
5626,moz,Mozambique,1964,0,0,0,0,0,0,10000,0,10000,10000
5627,moz,Mozambique,1965,0,0,0,0,0,0,17000,0,17000,17000
5628,moz,Mozambique,1966,0,0,0,0,0,0,20800,0,20800,20800
5629,moz,Mozambique,1967,0,0,0,0,0,0,27750,0,27750,27750
5630,moz,Mozambique,1968,0,0,0,0,0,0,33750,0,33750,33750
5631,moz,Mozambique,1969,0,0,0,0,0,0,43120,0,43120,43120
5632,moz,Mozambique,1970,0,0,0,0,0,0,60070,0,60070,60070
5633,moz,Mozambique,1971,0,0,0,0,0,0,60410,0,60410,60410
5634,moz,Mozambique,1972,0,0,0,0,0,0,64400,0,64400,64400
5635,moz,Mozambique,1973,0,0,0,0,0,0,69800,0,69800,69800
5636,moz,Mozambique,1974,0,0,0,0,0,0,80960,0,80960,80960
5637,moz,Mozambique,1975,44570,0,0,44570,0,44570,34750,0,34750,34750
5638,moz,Mozambique,1976,30000,0,0,30000,0,30000,580,0,580,580
5639,moz,Mozambique,1977,42460,0,0,42460,0,42460,120,0,120,120
5640,moz,Mozambique,1978,100000,0,0,100000,0,100000,130,0,130,130
5641,moz,Mozambique,1979,150000,0,0,150000,0,150000,370,0,370,370
5642,moz,Mozambique,1980,100,0,0,100,0,100,120,0,120,120
5643,moz,Mozambique,1981,100,0,0,100,0,100,5170,0,5170,5170
5644,moz,Mozambique,1982,130,0,0,130,0,130,20200,0,20200,20200
5645,moz,Mozambique,1983,900,0,0,900,0,900,50200,0,50200,50200
5646,moz,Mozambique,1984,820,0,0,820,0,820,51200,0,51200,51200
5647,moz,Mozambique,1985,710,0,0,710,0,710,72250,0,72250,72250
5648,moz,Mozambique,1986,660,0,0,660,0,660,193550,0,193550,193550
5649,moz,Mozambique,1987,400,0,0,400,0,400,635000,0,635000,635000
5650,moz,Mozambique,1988,390,0,0,390,0,390,921237,0,921237,921237
5651,moz,Mozambique,1989,400,0,0,400,0,400,1120756,0,1120756,1120756
5652,moz,Mozambique,1990,420,0,0,420,0,420,1247991,0,1247991,1247991
5653,moz,Mozambique,1991,420,0,0,420,0,420,1316635,0,1316635,1316635
5654,moz,Mozambique,1992,299,0,0,299,0,299,1445474,0,1445474,1445474
5655,moz,Mozambique,1993,202,0,0,202,0,202,1172548,0,1172548,1172548
5656,moz,Mozambique,1994,313,0,0,313,0,313,234495,0,234495,234495
5657,moz,Mozambique,1995,130,0,0,130,0,130,125561,0,125561,125561
5658,moz,Mozambique,1996,200,0,0,200,0,200,34656,0,34656,34656
5659,moz,Mozambique,1997,69,0,0,69,0,69,33652,0,33652,33652
5660,moz,Mozambique,1998,51,0,0,51,0,51,56,0,56,56
5661,moz,Mozambique,1999,219,0,0,219,0,219,26,0,26,26
5662,moz,Mozambique,2000,206,2266,0,2472,0,2472,24,0,24,24
5663,moz,Mozambique,2001,206,5304,0,5510,0,5510,45,12,57,57
5664,moz,Mozambique,2002,206,6972,0,7178,0,7178,129,50,179,179
5665,moz,Mozambique,2003,309,9215,0,9524,0,9524,106,168,274,274
5666,moz,Mozambique,2004,617,4886,0,5503,0,5503,94,310,404,404
5667,moz,Mozambique,2005,1949,4013,0,5962,0,5962,93,366,459,459
5668,moz,Mozambique,2006,2555,4313,0,6868,0,6868,216,6,222,222
5669,moz,Mozambique,2007,2760,4156,0,6916,0,6916,213,678,891,891
5670,moz,Mozambique,2008,3156,4449,0,7605,0,7605,198,678,876,876
5671,moz,Mozambique,2009,3536,4169,0,7705,0,7705,130,5,135,135
5672,moz,Mozambique,2010,4072,5902,0,9974,0,9974,120,11,131,131
5673,moz,Mozambique,2011,4074,9592,0,13666,0,13666,147,346,493,493
5674,moz,Mozambique,2012,4395,8192,0,12587,0,12587,155,865,1020,1020
5675,moz,Mozambique,2013,4443,10664,0,15107,0,15107,51,1427,1478,1478
5676,moz,Mozambique,2014,4534,13316,0,17850,0,17850,55,1408,1463,1463
5677,moz,Mozambique,2015,5624,14819,0,20443,0,20443,55,2193,2248,2248
5678,moz,Mozambique,2016,4663,12976,0,17639,15128,32767,48,5702,5750,20878
5679,moz,Mozambique,2017,4876,18795,0,23671,15128,38799,48,12581,12629,27757
5680,moz,Mozambique,2018,4910,21133,0,26043,0,26043,57,8977,9034,9034
5681,moz,Mozambique,2019,4713,20975,0,25688,180516,206204,77,8734,8811,189327
5682,moz,Mozambique,2020,4757,22442,0,27199,668038,695237,81,8674,8755,676793
5683,moz,Mozambique,2021,4797,24386,0,29183,744949,774132,90,8720,8810,753759
5684,moz,Mozambique,2022,4992,25919,0,30911,1028743,1059654,109,8581,8690,1037433
5685,moz,Mozambique,2023,5331,27389,0,32720,834304,867024,111,8690,8801,843105
5686,mmr,Myanmar,1972,0,0,0,0,0,0,5700,0,5700,5700
5687,mmr,Myanmar,1973,0,0,0,0,0,0,0,0,0,0
5688,mmr,Myanmar,1974,0,0,0,0,0,0,0,0,0,0
5689,mmr,Myanmar,1975,0,0,0,0,0,0,0,0,0,0
5690,mmr,Myanmar,1976,0,0,0,0,0,0,0,0,0,0
5691,mmr,Myanmar,1977,0,0,0,0,0,0,0,0,0,0
5692,mmr,Myanmar,1978,0,0,0,0,0,0,160000,0,160000,160000
5693,mmr,Myanmar,1979,0,0,0,0,0,0,0,0,0,0
5694,mmr,Myanmar,1980,0,0,0,0,0,0,0,0,0,0
5695,mmr,Myanmar,1981,0,0,0,0,0,0,0,0,0,0
5696,mmr,Myanmar,1982,0,0,0,0,0,0,0,0,0,0
5697,mmr,Myanmar,1983,0,0,0,0,0,0,0,0,0,0
5698,mmr,Myanmar,1984,0,0,0,0,0,0,0,0,0,0
5699,mmr,Myanmar,1985,0,0,0,0,0,0,0,0,0,0
5700,mmr,Myanmar,1986,0,0,0,0,0,0,0,0,0,0
5701,mmr,Myanmar,1987,0,0,0,0,0,0,0,0,0,0
5702,mmr,Myanmar,1988,0,0,0,0,0,0,7,0,7,7
5703,mmr,Myanmar,1989,0,0,0,0,0,0,0,0,0,0
5704,mmr,Myanmar,1990,0,0,0,0,0,0,24,0,24,24
5705,mmr,Myanmar,1991,0,0,0,0,0,0,40052,0,40052,40052
5706,mmr,Myanmar,1992,0,0,0,0,0,0,245127,0,245127,245127
5707,mmr,Myanmar,1993,0,0,0,0,0,0,281571,0,281571,281571
5708,mmr,Myanmar,1994,0,0,0,0,0,0,204512,0,204512,204512
5709,mmr,Myanmar,1995,0,0,0,0,0,0,152301,0,152301,152301
5710,mmr,Myanmar,1996,0,0,0,0,0,0,143019,0,143019,143019
5711,mmr,Myanmar,1997,0,0,0,0,0,0,135771,0,135771,135771
5712,mmr,Myanmar,1998,0,0,0,0,0,0,133408,0,133408,133408
5713,mmr,Myanmar,1999,0,0,0,0,0,0,131661,0,131661,131661
5714,mmr,Myanmar,2000,0,0,0,0,0,0,137121,1013,138134,138134
5715,mmr,Myanmar,2001,0,0,0,0,0,0,145849,1128,146977,146977
5716,mmr,Myanmar,2002,0,0,0,0,0,0,148493,2034,150527,150527
5717,mmr,Myanmar,2003,0,0,0,0,0,0,151370,10560,161930,161930
5718,mmr,Myanmar,2004,0,0,0,0,0,0,160997,10503,171500,171500
5719,mmr,Myanmar,2005,0,0,0,0,0,0,164851,41127,205978,205978
5720,mmr,Myanmar,2006,0,0,0,0,58500,58500,202817,26311,229128,287628
5721,mmr,Myanmar,2007,0,0,0,0,67290,67290,191308,19009,210317,277607
5722,mmr,Myanmar,2008,0,0,0,0,67290,67290,184410,22328,206738,274028
5723,mmr,Myanmar,2009,0,0,0,0,67290,67290,406667,22577,429244,496534
5724,mmr,Myanmar,2010,0,0,0,0,62015,62015,415662,22268,437930,499945
5725,mmr,Myanmar,2011,0,0,0,0,339200,339200,414615,24101,438716,777916
5726,mmr,Myanmar,2012,0,0,0,0,430400,430400,415363,25622,440985,871385
5727,mmr,Myanmar,2013,0,0,0,0,372000,372000,479594,44959,524553,896553
5728,mmr,Myanmar,2014,0,0,0,0,376500,376500,479006,51339,530345,906845
5729,mmr,Myanmar,2015,0,0,0,0,451089,451089,451804,60632,512436,963525
5730,mmr,Myanmar,2016,0,0,0,0,375016,375016,490285,56023,546308,921324
5731,mmr,Myanmar,2017,0,0,0,0,353108,353108,1156742,41088,1197830,1550938
5732,mmr,Myanmar,2018,0,0,0,0,370306,370306,1145149,30459,1175608,1545914
5733,mmr,Myanmar,2019,0,0,0,0,312018,312018,1076826,37457,1114283,1426301
5734,mmr,Myanmar,2020,0,0,0,0,370320,370320,1103245,40207,1143452,1513772
5735,mmr,Myanmar,2021,0,0,0,0,671011,671011,1177327,43878,1221205,1892216
5736,mmr,Myanmar,2022,0,0,0,0,1504848,1504848,1251618,48701,1300319,2805167
5737,mmr,Myanmar,2023,0,0,0,0,1845208,1845208,1266022,49522,1315544,3160752
5738,nam,Namibia,1966,0,0,0,0,0,0,180,0,180,180
5739,nam,Namibia,1967,0,0,0,0,0,0,230,0,230,230
5740,nam,Namibia,1968,0,0,0,0,0,0,1330,0,1330,1330
5741,nam,Namibia,1969,0,0,0,0,0,0,840,0,840,840
5742,nam,Namibia,1970,0,0,0,0,0,0,900,0,900,900
5743,nam,Namibia,1971,0,0,0,0,0,0,900,0,900,900
5744,nam,Namibia,1972,0,0,0,0,0,0,1000,0,1000,1000
5745,nam,Namibia,1973,0,0,0,0,0,0,3410,0,3410,3410
5746,nam,Namibia,1974,0,0,0,0,0,0,3420,0,3420,3420
5747,nam,Namibia,1975,0,0,0,0,0,0,3970,0,3970,3970
5748,nam,Namibia,1976,0,0,0,0,0,0,9020,0,9020,9020
5749,nam,Namibia,1977,0,0,0,0,0,0,12930,0,12930,12930
5750,nam,Namibia,1978,0,0,0,0,0,0,35760,0,35760,35760
5751,nam,Namibia,1979,0,0,0,0,0,0,40580,0,40580,40580
5752,nam,Namibia,1980,0,0,0,0,0,0,55620,0,55620,55620
5753,nam,Namibia,1981,0,0,0,0,0,0,74520,0,74520,74520
5754,nam,Namibia,1982,0,0,0,0,0,0,75170,0,75170,75170
5755,nam,Namibia,1983,0,0,0,0,0,0,75110,0,75110,75110
5756,nam,Namibia,1984,0,0,0,0,0,0,77550,0,77550,77550
5757,nam,Namibia,1985,0,0,0,0,0,0,76916,0,76916,76916
5758,nam,Namibia,1986,0,0,0,0,0,0,76966,0,76966,76966
5759,nam,Namibia,1987,0,0,0,0,0,0,75726,0,75726,75726
5760,nam,Namibia,1988,0,0,0,0,0,0,76591,0,76591,76591
5761,nam,Namibia,1989,0,0,0,0,0,0,3704,0,3704,3704
5762,nam,Namibia,1990,0,0,0,0,0,0,532,0,532,532
5763,nam,Namibia,1991,136,0,0,136,0,136,204,0,204,204
5764,nam,Namibia,1992,171,0,0,171,0,171,17,0,17,17
5765,nam,Namibia,1993,584,0,0,584,0,584,133,0,133,133
5766,nam,Namibia,1994,1145,0,0,1145,0,1145,65,0,65,65
5767,nam,Namibia,1995,1679,0,0,1679,0,1679,12,0,12,12
5768,nam,Namibia,1996,2198,0,0,2198,0,2198,13,0,13,13
5769,nam,Namibia,1997,2502,0,0,2502,0,2502,0,0,0,0
5770,nam,Namibia,1998,3816,0,0,3816,0,3816,1900,0,1900,1900
5771,nam,Namibia,1999,7612,0,0,7612,0,7612,702,0,702,702
5772,nam,Namibia,2000,27263,1141,0,28404,0,28404,2307,10,2317,2317
5773,nam,Namibia,2001,30886,1817,0,32703,0,32703,2295,150,2445,2445
5774,nam,Namibia,2002,21649,761,0,22410,0,22410,1298,179,1477,1477
5775,nam,Namibia,2003,19800,1989,0,21789,0,21789,1289,185,1474,1474
5776,nam,Namibia,2004,14773,2040,0,16813,0,16813,1307,184,1491,1491
5777,nam,Namibia,2005,5297,1064,0,6361,0,6361,1221,40,1261,1261
5778,nam,Namibia,2006,5454,1115,0,6569,0,6569,1196,14,1210,1210
5779,nam,Namibia,2007,6522,1201,0,7723,0,7723,1123,16,1139,1139
5780,nam,Namibia,2008,6794,1326,0,8120,0,8120,976,23,999,999
5781,nam,Namibia,2009,7160,1334,0,8494,0,8494,918,43,961,961
5782,nam,Namibia,2010,7249,1411,0,8660,0,8660,1013,345,1358,1358
5783,nam,Namibia,2011,6050,925,0,6975,0,6975,1067,1092,2159,2159
5784,nam,Namibia,2012,1808,1084,0,2892,0,2892,1097,571,1668,1668
5785,nam,Namibia,2013,2330,1153,0,3483,0,3483,1138,276,1414,1414
5786,nam,Namibia,2014,1765,816,0,2581,0,2581,1250,45,1295,1295
5787,nam,Namibia,2015,1730,1102,0,2832,0,2832,1272,60,1332,1332
5788,nam,Namibia,2016,1747,1664,0,3411,0,3411,1363,130,1493,1493
5789,nam,Namibia,2017,2182,1889,0,4071,0,4071,1368,211,1579,1579
5790,nam,Namibia,2018,2394,1516,0,3910,0,3910,1331,332,1663,1663
5791,nam,Namibia,2019,3182,1906,0,5088,0,5088,459,756,1215,1215
5792,nam,Namibia,2020,3578,2214,0,5792,0,5792,457,841,1298,1298
5793,nam,Namibia,2021,3733,2747,0,6480,0,6480,441,915,1356,1356
5794,nam,Namibia,2022,4685,2512,0,7197,0,7197,317,1444,1761,1761
5795,nam,Namibia,2023,4895,2242,0,7137,0,7137,335,2195,2530,2530
5796,nru,Nauru,1999,0,0,0,0,0,0,5,0,5,5
5797,nru,Nauru,2000,0,0,0,0,0,0,5,0,5,5
5798,nru,Nauru,2001,0,0,0,0,0,0,0,0,0,0
5799,nru,Nauru,2002,0,0,0,0,0,0,0,0,0,0
5800,nru,Nauru,2003,0,0,0,0,0,0,5,0,5,5
5801,nru,Nauru,2004,0,0,0,0,0,0,0,0,0,0
5802,nru,Nauru,2005,0,0,0,0,0,0,0,0,0,0
5803,nru,Nauru,2006,0,0,0,0,0,0,0,0,0,0
5804,nru,Nauru,2007,0,0,0,0,0,0,0,0,0,0
5805,nru,Nauru,2008,0,0,0,0,0,0,0,0,0,0
5806,nru,Nauru,2009,0,0,0,0,0,0,0,0,0,0
5807,nru,Nauru,2010,0,0,0,0,0,0,0,0,0,0
5808,nru,Nauru,2011,0,0,0,0,0,0,0,5,5,5
5809,nru,Nauru,2012,0,379,0,379,0,379,0,0,0,0
5810,nru,Nauru,2013,0,533,0,533,0,533,0,0,0,0
5811,nru,Nauru,2014,386,730,0,1116,0,1116,0,0,0,0
5812,nru,Nauru,2015,508,309,0,817,0,817,0,0,0,0
5813,nru,Nauru,2016,508,309,0,817,0,817,0,0,0,0
5814,nru,Nauru,2017,964,126,0,1090,0,1090,0,0,0,0
5815,nru,Nauru,2018,964,416,0,1380,0,1380,0,0,0,0
5816,nru,Nauru,2019,755,415,0,1170,0,1170,0,15,15,15
5817,nru,Nauru,2020,1074,90,0,1164,0,1164,5,16,21,21
5818,nru,Nauru,2021,953,76,0,1029,0,1029,5,16,21,21
5819,nru,Nauru,2022,45,22,0,67,0,67,5,19,24,24
5820,nru,Nauru,2023,0,0,0,0,0,0,5,19,24,24
5821,npl,Nepal,1964,7000,0,0,7000,0,7000,0,0,0,0
5822,npl,Nepal,1965,7000,0,0,7000,0,7000,0,0,0,0
5823,npl,Nepal,1966,7000,0,0,7000,0,7000,0,0,0,0
5824,npl,Nepal,1967,7180,0,0,7180,0,7180,0,0,0,0
5825,npl,Nepal,1968,7730,0,0,7730,0,7730,0,0,0,0
5826,npl,Nepal,1969,7990,0,0,7990,0,7990,0,0,0,0
5827,npl,Nepal,1970,8060,0,0,8060,0,8060,0,0,0,0
5828,npl,Nepal,1971,7930,0,0,7930,0,7930,0,0,0,0
5829,npl,Nepal,1972,8000,0,0,8000,0,8000,0,0,0,0
5830,npl,Nepal,1973,8000,0,0,8000,0,8000,0,0,0,0
5831,npl,Nepal,1974,8100,0,0,8100,0,8100,0,0,0,0
5832,npl,Nepal,1975,8200,0,0,8200,0,8200,0,0,0,0
5833,npl,Nepal,1976,8300,0,0,8300,0,8300,0,0,0,0
5834,npl,Nepal,1977,8400,0,0,8400,0,8400,0,0,0,0
5835,npl,Nepal,1978,8500,0,0,8500,0,8500,0,0,0,0
5836,npl,Nepal,1979,8600,0,0,8600,0,8600,0,0,0,0
5837,npl,Nepal,1980,8700,0,0,8700,0,8700,0,0,0,0
5838,npl,Nepal,1981,8800,0,0,8800,0,8800,0,0,0,0
5839,npl,Nepal,1982,9800,0,0,9800,0,9800,0,0,0,0
5840,npl,Nepal,1983,10800,0,0,10800,0,10800,0,0,0,0
5841,npl,Nepal,1984,11800,0,0,11800,0,11800,0,0,0,0
5842,npl,Nepal,1985,12800,0,0,12800,0,12800,0,0,0,0
5843,npl,Nepal,1986,13800,0,0,13800,0,13800,0,0,0,0
5844,npl,Nepal,1987,14800,0,0,14800,0,14800,0,0,0,0
5845,npl,Nepal,1988,15800,0,0,15800,0,15800,0,0,0,0
5846,npl,Nepal,1989,16850,0,0,16850,0,16850,0,0,0,0
5847,npl,Nepal,1990,17800,0,0,17800,0,17800,0,0,0,0
5848,npl,Nepal,1991,28319,0,0,28319,0,28319,0,0,0,0
5849,npl,Nepal,1992,95251,0,0,95251,0,95251,0,0,0,0
5850,npl,Nepal,1993,105344,0,0,105344,0,105344,0,0,0,0
5851,npl,Nepal,1994,123270,0,0,123270,0,123270,5,0,5,5
5852,npl,Nepal,1995,124751,0,0,124751,0,124751,27,0,27,27
5853,npl,Nepal,1996,126814,0,0,126814,0,126814,44,0,44,44
5854,npl,Nepal,1997,129158,0,0,129158,0,129158,49,0,49,49
5855,npl,Nepal,1998,126104,0,0,126104,0,126104,95,0,95,95
5856,npl,Nepal,1999,127942,0,0,127942,0,127942,178,0,178,178
5857,npl,Nepal,2000,129234,9,0,129243,0,129243,227,444,671,671
5858,npl,Nepal,2001,130945,11,0,130956,0,130956,300,550,850,850
5859,npl,Nepal,2002,132432,8,0,132440,0,132440,899,606,1505,1505
5860,npl,Nepal,2003,123662,232,0,123894,0,123894,1232,725,1957,1957
5861,npl,Nepal,2004,124920,655,0,125575,0,125575,1414,1309,2723,2723
5862,npl,Nepal,2005,126432,1266,0,127698,0,127698,2061,2417,4478,4478
5863,npl,Nepal,2006,128172,1477,0,129649,100000,229649,2651,2424,5075,105075
5864,npl,Nepal,2007,130678,1632,0,132310,50000,182310,3364,2137,5501,55501
5865,npl,Nepal,2008,124826,975,0,125801,0,125801,4190,2093,6283,6283
5866,npl,Nepal,2009,108457,972,0,109429,0,109429,5101,1799,6900,6900
5867,npl,Nepal,2010,89804,937,0,90741,0,90741,5883,1160,7043,7043
5868,npl,Nepal,2011,72651,929,0,73580,0,73580,6845,2004,8849,8849
5869,npl,Nepal,2012,56263,17,0,56280,0,56280,7601,2511,10112,10112
5870,npl,Nepal,2013,46303,237,0,46540,0,46540,8098,3783,11881,11881
5871,npl,Nepal,2014,38490,134,0,38624,0,38624,8542,6644,15186,15186
5872,npl,Nepal,2015,32669,18,0,32687,0,32687,9051,8961,18012,18012
5873,npl,Nepal,2016,25249,71,0,25320,0,25320,8364,11531,19895,19895
5874,npl,Nepal,2017,21467,148,0,21615,0,21615,8415,13186,21601,21601
5875,npl,Nepal,2018,20804,51,0,20855,0,20855,8590,9074,17664,17664
5876,npl,Nepal,2019,19570,57,0,19627,0,19627,8034,9940,17974,17974
5877,npl,Nepal,2020,19555,42,0,19597,0,19597,7483,10309,17792,17792
5878,npl,Nepal,2021,19574,137,0,19711,0,19711,7029,11329,18358,18358
5879,npl,Nepal,2022,19560,154,0,19714,0,19714,7329,13004,20333,20333
5880,npl,Nepal,2023,19562,220,0,19782,0,19782,7314,14994,22308,22308
5881,nzl,New Zealand,1967,3000,0,0,3000,0,3000,0,0,0,0
5882,nzl,New Zealand,1968,2000,0,0,2000,0,2000,0,0,0,0
5883,nzl,New Zealand,1969,2000,0,0,2000,0,2000,0,0,0,0
5884,nzl,New Zealand,1970,2000,0,0,2000,0,2000,0,0,0,0
5885,nzl,New Zealand,1971,0,0,0,0,0,0,0,0,0,0
5886,nzl,New Zealand,1972,0,0,0,0,0,0,0,0,0,0
5887,nzl,New Zealand,1973,0,0,0,0,0,0,0,0,0,0
5888,nzl,New Zealand,1974,0,0,0,0,0,0,0,0,0,0
5889,nzl,New Zealand,1975,0,0,0,0,0,0,0,0,0,0
5890,nzl,New Zealand,1976,0,0,0,0,0,0,0,0,0,0
5891,nzl,New Zealand,1977,0,0,0,0,0,0,0,0,0,0
5892,nzl,New Zealand,1978,10000,0,0,10000,0,10000,0,0,0,0
5893,nzl,New Zealand,1979,10000,0,0,10000,0,10000,0,0,0,0
5894,nzl,New Zealand,1980,10000,0,0,10000,0,10000,0,0,0,0
5895,nzl,New Zealand,1981,10600,0,0,10600,0,10600,0,0,0,0
5896,nzl,New Zealand,1982,10600,0,0,10600,0,10600,0,0,0,0
5897,nzl,New Zealand,1983,10600,0,0,10600,0,10600,0,0,0,0
5898,nzl,New Zealand,1984,4500,0,0,4500,0,4500,0,0,0,0
5899,nzl,New Zealand,1985,4600,0,0,4600,0,4600,0,0,0,0
5900,nzl,New Zealand,1986,4400,0,0,4400,0,4400,0,0,0,0
5901,nzl,New Zealand,1987,4200,0,0,4200,0,4200,0,0,0,0
5902,nzl,New Zealand,1988,4150,0,0,4150,0,4150,0,0,0,0
5903,nzl,New Zealand,1989,4666,0,0,4666,0,4666,0,0,0,0
5904,nzl,New Zealand,1990,4666,0,0,4666,0,4666,0,0,0,0
5905,nzl,New Zealand,1991,16760,0,0,16760,0,16760,0,0,0,0
5906,nzl,New Zealand,1992,17310,0,0,17310,0,17310,0,0,0,0
5907,nzl,New Zealand,1993,3942,0,0,3942,0,3942,0,0,0,0
5908,nzl,New Zealand,1994,3668,0,0,3668,0,3668,0,0,0,0
5909,nzl,New Zealand,1995,3766,0,0,3766,0,3766,0,0,0,0
5910,nzl,New Zealand,1996,3790,0,0,3790,0,3790,0,0,0,0
5911,nzl,New Zealand,1997,3652,0,0,3652,0,3652,0,0,0,0
5912,nzl,New Zealand,1998,4099,0,0,4099,0,4099,0,0,0,0
5913,nzl,New Zealand,1999,4801,0,0,4801,0,4801,0,0,0,0
5914,nzl,New Zealand,2000,4919,2337,0,7256,0,7256,0,0,0,0
5915,nzl,New Zealand,2001,5251,1917,0,7168,0,7168,0,5,5,5
5916,nzl,New Zealand,2002,5760,1320,0,7080,0,7080,0,5,5,5
5917,nzl,New Zealand,2003,5796,1019,0,6815,0,6815,0,5,5,5
5918,nzl,New Zealand,2004,5334,720,0,6054,0,6054,0,5,5,5
5919,nzl,New Zealand,2005,5298,370,0,5668,0,5668,5,5,10,10
5920,nzl,New Zealand,2006,4878,217,0,5095,0,5095,7,5,12,12
5921,nzl,New Zealand,2007,2715,149,0,2864,0,2864,12,5,17,17
5922,nzl,New Zealand,2008,2702,113,0,2815,0,2815,8,5,13,13
5923,nzl,New Zealand,2009,3285,203,0,3488,0,3488,9,0,9,9
5924,nzl,New Zealand,2010,2298,157,0,2455,0,2455,11,0,11,11
5925,nzl,New Zealand,2011,1916,201,0,2117,0,2117,13,6,19,19
5926,nzl,New Zealand,2012,1504,248,0,1752,0,1752,19,6,25,25
5927,nzl,New Zealand,2013,1388,291,0,1679,0,1679,15,6,21,21
5928,nzl,New Zealand,2014,1342,240,0,1582,0,1582,14,13,27,27
5929,nzl,New Zealand,2015,1313,139,0,1452,0,1452,16,7,23,23
5930,nzl,New Zealand,2016,1408,298,0,1706,0,1706,25,18,43,43
5931,nzl,New Zealand,2017,1465,391,0,1856,0,1856,34,27,61,61
5932,nzl,New Zealand,2018,1545,446,0,1991,0,1991,34,14,48,48
5933,nzl,New Zealand,2019,1709,558,0,2267,0,2267,34,27,61,61
5934,nzl,New Zealand,2020,1748,691,0,2439,0,2439,35,32,67,67
5935,nzl,New Zealand,2021,1794,711,0,2505,0,2505,33,69,102,102
5936,nzl,New Zealand,2022,1791,573,0,2364,0,2364,48,32,80,80
5937,nzl,New Zealand,2023,1787,875,0,2662,0,2662,48,27,75,75
5938,nic,Nicaragua,1972,50,0,0,50,0,50,0,0,0,0
5939,nic,Nicaragua,1973,0,0,0,0,0,0,0,0,0,0
5940,nic,Nicaragua,1974,0,0,0,0,0,0,0,0,0,0
5941,nic,Nicaragua,1975,0,0,0,0,0,0,0,0,0,0
5942,nic,Nicaragua,1976,0,0,0,0,0,0,0,0,0,0
5943,nic,Nicaragua,1977,0,0,0,0,0,0,0,0,0,0
5944,nic,Nicaragua,1978,0,0,0,0,0,0,144800,0,144800,144800
5945,nic,Nicaragua,1979,0,0,0,0,0,0,16600,0,16600,16600
5946,nic,Nicaragua,1980,4100,0,0,4100,0,4100,960,0,960,960
5947,nic,Nicaragua,1981,21320,0,0,21320,0,21320,2500,0,2500,2500
5948,nic,Nicaragua,1982,23800,0,0,23800,0,23800,18970,0,18970,18970
5949,nic,Nicaragua,1983,18500,0,0,18500,0,18500,23520,0,23520,23520
5950,nic,Nicaragua,1984,18500,0,0,18500,0,18500,35020,0,35020,35020
5951,nic,Nicaragua,1985,17270,0,0,17270,0,17270,52650,0,52650,52650
5952,nic,Nicaragua,1986,8280,0,0,8280,0,8280,67550,0,67550,67550
5953,nic,Nicaragua,1987,9000,0,0,9000,0,9000,68540,0,68540,68540
5954,nic,Nicaragua,1988,16000,0,0,16000,0,16000,86563,0,86563,86563
5955,nic,Nicaragua,1989,15210,0,0,15210,0,15210,97698,0,97698,97698
5956,nic,Nicaragua,1990,16000,0,0,16000,0,16000,52617,0,52617,52617
5957,nic,Nicaragua,1991,14933,0,0,14933,0,14933,46789,0,46789,46789
5958,nic,Nicaragua,1992,14450,0,0,14450,0,14450,44275,0,44275,44275
5959,nic,Nicaragua,1993,5642,0,0,5642,0,5642,33056,0,33056,33056
5960,nic,Nicaragua,1994,314,0,0,314,0,314,28596,0,28596,28596
5961,nic,Nicaragua,1995,577,0,0,577,0,577,23936,0,23936,23936
5962,nic,Nicaragua,1996,557,0,0,557,0,557,22818,0,22818,22818
5963,nic,Nicaragua,1997,462,0,0,462,0,462,22495,0,22495,22495
5964,nic,Nicaragua,1998,471,0,0,471,0,471,21390,0,21390,21390
5965,nic,Nicaragua,1999,471,0,0,471,0,471,20572,0,20572,20572
5966,nic,Nicaragua,2000,330,10,0,340,0,340,5070,13136,18206,18206
5967,nic,Nicaragua,2001,322,15,0,337,0,337,4397,13173,17570,17570
5968,nic,Nicaragua,2002,324,15,0,339,0,339,4049,9936,13985,13985
5969,nic,Nicaragua,2003,300,15,0,315,0,315,3984,6855,10839,10839
5970,nic,Nicaragua,2004,288,0,0,288,0,288,1822,6243,8065,8065
5971,nic,Nicaragua,2005,222,0,0,222,0,222,1463,4423,5886,5886
5972,nic,Nicaragua,2006,195,5,0,200,0,200,1827,2300,4127,4127
5973,nic,Nicaragua,2007,182,19,0,201,0,201,1899,822,2721,2721
5974,nic,Nicaragua,2008,142,0,0,142,0,142,1533,466,1999,1999
5975,nic,Nicaragua,2009,115,0,0,115,0,115,1473,430,1903,1903
5976,nic,Nicaragua,2010,59,15,0,74,0,74,1426,154,1580,1580
5977,nic,Nicaragua,2011,80,10,0,90,0,90,1464,138,1602,1602
5978,nic,Nicaragua,2012,124,11,0,135,0,135,1526,121,1647,1647
5979,nic,Nicaragua,2013,184,15,0,199,0,199,1530,507,2037,2037
5980,nic,Nicaragua,2014,273,57,0,330,0,330,1580,718,2298,2298
5981,nic,Nicaragua,2015,325,126,0,451,0,451,1469,1237,2706,2706
5982,nic,Nicaragua,2016,325,338,0,663,0,663,1409,2125,3534,3534
5983,nic,Nicaragua,2017,322,407,0,729,0,729,1467,2722,4189,4189
5984,nic,Nicaragua,2018,321,126,0,447,0,447,1671,32265,33936,33936
5985,nic,Nicaragua,2019,322,126,0,448,0,448,4376,66869,71245,71245
5986,nic,Nicaragua,2020,311,126,0,437,0,437,8701,62085,70786,70786
5987,nic,Nicaragua,2021,313,126,0,439,0,439,11041,164019,175060,175060
5988,nic,Nicaragua,2022,312,124,0,436,0,436,16087,277663,293750,293750
5989,nic,Nicaragua,2023,311,124,0,435,0,435,18545,271740,290285,290285
5990,ner,Niger,1977,1500,0,0,1500,0,1500,0,0,0,0
5991,ner,Niger,1978,0,0,0,0,0,0,0,0,0,0
5992,ner,Niger,1979,0,0,0,0,0,0,0,0,0,0
5993,ner,Niger,1980,0,0,0,0,0,0,0,0,0,0
5994,ner,Niger,1981,0,0,0,0,0,0,0,0,0,0
5995,ner,Niger,1982,0,0,0,0,0,0,0,0,0,0
5996,ner,Niger,1983,0,0,0,0,0,0,0,0,0,0
5997,ner,Niger,1984,0,0,0,0,0,0,0,0,0,0
5998,ner,Niger,1985,0,0,0,0,0,0,0,0,0,0
5999,ner,Niger,1986,0,0,0,0,0,0,0,0,0,0
6000,ner,Niger,1987,0,0,0,0,0,0,0,0,0,0
6001,ner,Niger,1988,0,0,0,0,0,0,0,0,0,0
6002,ner,Niger,1989,0,0,0,0,0,0,0,0,0,0
6003,ner,Niger,1990,792,0,0,792,0,792,0,0,0,0
6004,ner,Niger,1991,1385,0,0,1385,0,1385,0,0,0,0
6005,ner,Niger,1992,3699,0,0,3699,0,3699,22006,0,22006,22006
6006,ner,Niger,1993,16686,0,0,16686,0,16686,22306,0,22306,22306
6007,ner,Niger,1994,15070,0,0,15070,0,15070,22019,0,22019,22019
6008,ner,Niger,1995,27620,0,0,27620,0,27620,10289,0,10289,10289
6009,ner,Niger,1996,25842,0,0,25842,0,25842,10359,0,10359,10359
6010,ner,Niger,1997,7374,0,0,7374,0,7374,2783,0,2783,2783
6011,ner,Niger,1998,3691,0,0,3691,0,3691,418,0,418,418
6012,ner,Niger,1999,350,0,0,350,0,350,508,0,508,508
6013,ner,Niger,2000,59,442,0,501,0,501,483,250,733,733
6014,ner,Niger,2001,79,442,0,521,0,521,478,415,893,893
6015,ner,Niger,2002,296,42,0,338,0,338,829,555,1384,1384
6016,ner,Niger,2003,333,27,0,360,0,360,716,452,1168,1168
6017,ner,Niger,2004,342,32,0,374,0,374,676,351,1027,1027
6018,ner,Niger,2005,297,41,0,338,0,338,642,581,1223,1223
6019,ner,Niger,2006,312,18,0,330,0,330,803,470,1273,1273
6020,ner,Niger,2007,318,14,0,332,0,332,817,261,1078,1078
6021,ner,Niger,2008,316,22,0,338,0,338,789,264,1053,1053
6022,ner,Niger,2009,326,30,0,356,0,356,812,283,1095,1095
6023,ner,Niger,2010,315,11,0,326,0,326,794,319,1113,1113
6024,ner,Niger,2011,301,113,0,414,0,414,805,290,1095,1095
6025,ner,Niger,2012,50509,99,0,50608,0,50608,824,354,1178,1178
6026,ner,Niger,2013,57657,76,0,57733,0,57733,674,419,1093,1093
6027,ner,Niger,2014,77826,103,0,77929,0,77929,728,535,1263,1263
6028,ner,Niger,2015,124717,103,0,124820,137337,262157,1383,763,2146,139483
6029,ner,Niger,2016,166089,61,0,166150,121391,287541,1230,838,2068,123459
6030,ner,Niger,2017,165729,278,0,166007,129015,295022,1363,2399,3762,132777
6031,ner,Niger,2018,175413,3547,0,178960,156137,335097,2715,2053,4768,160905
6032,ner,Niger,2019,179997,37896,0,217893,191902,409795,3063,2420,5483,197385
6033,ner,Niger,2020,233293,3285,0,236578,298458,535036,18853,4105,22958,321416
6034,ner,Niger,2021,249945,16501,0,266446,224016,490462,21901,2686,24587,248603
6035,ner,Niger,2022,255307,46705,0,302012,376809,678821,21946,2759,24705,401514
6036,ner,Niger,2023,251755,50356,0,302111,335277,637388,23280,3144,26424,361701
6037,nga,Nigeria,1968,0,0,0,0,0,0,51100,0,51100,51100
6038,nga,Nigeria,1969,0,0,0,0,0,0,2850,0,2850,2850
6039,nga,Nigeria,1970,0,0,0,0,0,0,0,0,0,0
6040,nga,Nigeria,1971,0,0,0,0,0,0,0,0,0,0
6041,nga,Nigeria,1972,0,0,0,0,0,0,0,0,0,0
6042,nga,Nigeria,1973,0,0,0,0,0,0,0,0,0,0
6043,nga,Nigeria,1974,0,0,0,0,0,0,0,0,0,0
6044,nga,Nigeria,1975,0,0,0,0,0,0,0,0,0,0
6045,nga,Nigeria,1976,50,0,0,50,0,50,0,0,0,0
6046,nga,Nigeria,1977,300,0,0,300,0,300,0,0,0,0
6047,nga,Nigeria,1978,370,0,0,370,0,370,0,0,0,0
6048,nga,Nigeria,1979,400,0,0,400,0,400,0,0,0,0
6049,nga,Nigeria,1980,100000,0,0,100000,0,100000,0,0,0,0
6050,nga,Nigeria,1981,89570,0,0,89570,0,89570,0,0,0,0
6051,nga,Nigeria,1982,5240,0,0,5240,0,5240,0,0,0,0
6052,nga,Nigeria,1983,4620,0,0,4620,0,4620,0,0,0,0
6053,nga,Nigeria,1984,4570,0,0,4570,0,4570,0,0,0,0
6054,nga,Nigeria,1985,5880,0,0,5880,0,5880,0,0,0,0
6055,nga,Nigeria,1986,4760,0,0,4760,0,4760,0,0,0,0
6056,nga,Nigeria,1987,5100,0,0,5100,0,5100,5,0,5,5
6057,nga,Nigeria,1988,5173,0,0,5173,0,5173,15,0,15,15
6058,nga,Nigeria,1989,3781,0,0,3781,0,3781,15,0,15,15
6059,nga,Nigeria,1990,3571,0,0,3571,0,3571,15,0,15,15
6060,nga,Nigeria,1991,3573,0,0,3573,0,3573,22,0,22,22
6061,nga,Nigeria,1992,4782,0,0,4782,0,4782,75,0,75,75
6062,nga,Nigeria,1993,4819,0,0,4819,0,4819,95,0,95,95
6063,nga,Nigeria,1994,6025,0,0,6025,0,6025,587,0,587,587
6064,nga,Nigeria,1995,8118,0,0,8118,0,8118,1942,0,1942,1942
6065,nga,Nigeria,1996,8486,0,0,8486,0,8486,4751,0,4751,4751
6066,nga,Nigeria,1997,9071,0,0,9071,0,9071,3043,0,3043,3043
6067,nga,Nigeria,1998,6782,0,0,6782,0,6782,3998,0,3998,3998
6068,nga,Nigeria,1999,6942,0,0,6942,0,6942,4440,0,4440,4440
6069,nga,Nigeria,2000,7271,0,0,7271,0,7271,5735,3457,9192,9192
6070,nga,Nigeria,2001,7201,137,0,7338,0,7338,6077,4133,10210,10210
6071,nga,Nigeria,2002,7353,25,0,7378,0,7378,24559,7651,32210,32210
6072,nga,Nigeria,2003,9173,1120,0,10293,0,10293,24414,14647,39061,39061
6073,nga,Nigeria,2004,8395,1077,0,9472,0,9472,23882,13254,37136,37136
6074,nga,Nigeria,2005,9017,407,0,9424,0,9424,22123,14015,36138,36138
6075,nga,Nigeria,2006,8761,667,0,9428,0,9428,13242,8361,21603,21603
6076,nga,Nigeria,2007,8463,697,0,9160,0,9160,13898,9725,23623,23623
6077,nga,Nigeria,2008,10127,1216,0,11343,0,11343,14170,10449,24619,24619
6078,nga,Nigeria,2009,9129,1143,0,10272,0,10272,15609,9637,25246,25246
6079,nga,Nigeria,2010,8744,1809,0,10553,0,10553,15645,11912,27557,27557
6080,nga,Nigeria,2011,8803,1526,0,10329,0,10329,17140,10519,27659,27659
6081,nga,Nigeria,2012,3151,1038,0,4189,0,4189,18017,14159,32176,32176
6082,nga,Nigeria,2013,1688,812,0,2500,0,2500,31173,21332,52505,52505
6083,nga,Nigeria,2014,1237,848,0,2085,1188018,1190103,90936,30075,121011,1309029
6084,nga,Nigeria,2015,1387,385,0,1772,2172532,2174304,167973,51353,219326,2391858
6085,nga,Nigeria,2016,1357,464,0,1821,2219272,2221093,229290,66862,296152,2515424
6086,nga,Nigeria,2017,1910,8650,0,10560,1704080,1714640,238977,91924,330901,2034981
6087,nga,Nigeria,2018,34727,940,0,35667,2167925,2203592,276834,84624,361458,2529383
6088,nga,Nigeria,2019,54157,1032,0,55189,2195779,2250968,295578,112382,407960,2603739
6089,nga,Nigeria,2020,66056,2787,0,68843,2610278,2679121,352960,73233,426193,3036471
6090,nga,Nigeria,2021,77132,1658,0,78790,3084916,3163706,383660,83105,466765,3551681
6091,nga,Nigeria,2022,91275,1623,0,92898,3286881,3379779,391120,83402,474522,3761403
6092,nga,Nigeria,2023,92964,5670,0,98634,3417936,3516570,381149,84432,465581,3883517
6093,prk,North Korea,1996,0,0,0,0,0,0,10,0,10,10
6094,prk,North Korea,1997,0,0,0,0,0,0,0,0,0,0
6095,prk,North Korea,1998,0,0,0,0,0,0,5,0,5,5
6096,prk,North Korea,1999,0,0,0,0,0,0,10,0,10,10
6097,prk,North Korea,2000,0,0,0,0,0,0,15,50,65,65
6098,prk,North Korea,2001,0,0,0,0,0,0,17,49,66,66
6099,prk,North Korea,2002,0,0,0,0,0,0,256,70,326,326
6100,prk,North Korea,2003,0,0,0,0,0,0,306,41,347,347
6101,prk,North Korea,2004,0,0,0,0,0,0,344,64,408,408
6102,prk,North Korea,2005,0,0,0,0,0,0,287,67,354,354
6103,prk,North Korea,2006,0,0,0,0,0,0,394,95,489,489
6104,prk,North Korea,2007,0,0,0,0,0,0,602,232,834,834
6105,prk,North Korea,2008,0,0,0,0,0,0,881,213,1094,1094
6106,prk,North Korea,2009,0,0,0,0,0,0,878,125,1003,1003
6107,prk,North Korea,2010,0,0,0,0,0,0,915,268,1183,1183
6108,prk,North Korea,2011,0,0,0,0,0,0,1046,550,1596,1596
6109,prk,North Korea,2012,0,0,0,0,0,0,1126,1023,2149,2149
6110,prk,North Korea,2013,0,0,0,0,0,0,1163,940,2103,2103
6111,prk,North Korea,2014,0,0,0,0,0,0,1275,233,1508,1508
6112,prk,North Korea,2015,0,0,0,0,0,0,1094,223,1317,1317
6113,prk,North Korea,2016,0,0,0,0,0,0,1419,526,1945,1945
6114,prk,North Korea,2017,0,0,0,0,0,0,1176,587,1763,1763
6115,prk,North Korea,2018,0,0,0,0,0,0,797,146,943,943
6116,prk,North Korea,2019,0,0,0,0,0,0,758,112,870,870
6117,prk,North Korea,2020,0,0,0,0,0,0,689,88,777,777
6118,prk,North Korea,2021,0,0,0,0,0,0,528,108,636,636
6119,prk,North Korea,2022,0,0,0,0,0,0,267,127,394,394
6120,prk,North Korea,2023,0,0,0,0,0,0,239,133,372,372
6121,nor,Norway,1951,2500,0,0,2500,0,2500,0,0,0,0
6122,nor,Norway,1952,2500,0,0,2500,0,2500,0,0,0,0
6123,nor,Norway,1953,2500,0,0,2500,0,2500,0,0,0,0
6124,nor,Norway,1954,2300,0,0,2300,0,2300,0,0,0,0
6125,nor,Norway,1955,2300,0,0,2300,0,2300,0,0,0,0
6126,nor,Norway,1956,2800,0,0,2800,0,2800,0,0,0,0
6127,nor,Norway,1957,3400,0,0,3400,0,3400,0,0,0,0
6128,nor,Norway,1958,3300,0,0,3300,0,3300,0,0,0,0
6129,nor,Norway,1959,3100,0,0,3100,0,3100,0,0,0,0
6130,nor,Norway,1960,3000,0,0,3000,0,3000,0,0,0,0
6131,nor,Norway,1961,3000,0,0,3000,0,3000,0,0,0,0
6132,nor,Norway,1962,3000,0,0,3000,0,3000,0,0,0,0
6133,nor,Norway,1963,3000,0,0,3000,0,3000,0,0,0,0
6134,nor,Norway,1964,0,0,0,0,0,0,0,0,0,0
6135,nor,Norway,1965,0,0,0,0,0,0,0,0,0,0
6136,nor,Norway,1966,0,0,0,0,0,0,0,0,0,0
6137,nor,Norway,1967,0,0,0,0,0,0,0,0,0,0
6138,nor,Norway,1968,0,0,0,0,0,0,0,0,0,0
6139,nor,Norway,1969,0,0,0,0,0,0,0,0,0,0
6140,nor,Norway,1970,2000,0,0,2000,0,2000,0,0,0,0
6141,nor,Norway,1971,3000,0,0,3000,0,3000,0,0,0,0
6142,nor,Norway,1972,3000,0,0,3000,0,3000,0,0,0,0
6143,nor,Norway,1973,3000,0,0,3000,0,3000,0,0,0,0
6144,nor,Norway,1974,3000,0,0,3000,0,3000,0,0,0,0
6145,nor,Norway,1975,3000,0,0,3000,0,3000,0,0,0,0
6146,nor,Norway,1976,1000,0,0,1000,0,1000,0,0,0,0
6147,nor,Norway,1977,6000,0,0,6000,0,6000,0,0,0,0
6148,nor,Norway,1978,6000,0,0,6000,0,6000,0,0,0,0
6149,nor,Norway,1979,6000,0,0,6000,0,6000,0,0,0,0
6150,nor,Norway,1980,6000,0,0,6000,0,6000,0,0,0,0
6151,nor,Norway,1981,6000,0,0,6000,0,6000,0,0,0,0
6152,nor,Norway,1982,6000,0,0,6000,0,6000,0,0,0,0
6153,nor,Norway,1983,10000,0,0,10000,0,10000,0,0,0,0
6154,nor,Norway,1984,10000,0,0,10000,0,10000,0,0,0,0
6155,nor,Norway,1985,11800,0,0,11800,0,11800,0,0,0,0
6156,nor,Norway,1986,13200,0,0,13200,0,13200,0,0,0,0
6157,nor,Norway,1987,15000,0,0,15000,0,15000,0,0,0,0
6158,nor,Norway,1988,10952,0,0,10952,0,10952,0,0,0,0
6159,nor,Norway,1989,18500,0,0,18500,0,18500,0,0,0,0
6160,nor,Norway,1990,19581,0,0,19581,0,19581,0,0,0,0
6161,nor,Norway,1991,29054,0,0,29054,0,29054,0,0,0,0
6162,nor,Norway,1992,29846,0,0,29846,0,29846,0,0,0,0
6163,nor,Norway,1993,38375,0,0,38375,0,38375,0,0,0,0
6164,nor,Norway,1994,44617,0,0,44617,0,44617,0,0,0,0
6165,nor,Norway,1995,47607,0,0,47607,0,47607,0,0,0,0
6166,nor,Norway,1996,48409,0,0,48409,0,48409,0,0,0,0
6167,nor,Norway,1997,47372,0,0,47372,0,47372,0,0,0,0
6168,nor,Norway,1998,45325,0,0,45325,0,45325,0,0,0,0
6169,nor,Norway,1999,43441,0,0,43441,0,43441,0,0,0,0
6170,nor,Norway,2000,47700,0,0,47700,0,47700,0,0,0,0
6171,nor,Norway,2001,50122,0,0,50122,0,50122,0,0,0,0
6172,nor,Norway,2002,50421,0,0,50421,0,50421,5,0,5,5
6173,nor,Norway,2003,46107,0,0,46107,0,46107,5,0,5,5
6174,nor,Norway,2004,44031,0,0,44031,0,44031,5,5,10,10
6175,nor,Norway,2005,43015,0,0,43015,0,43015,12,0,12,12
6176,nor,Norway,2006,43315,7924,0,51239,0,51239,0,0,0,0
6177,nor,Norway,2007,34499,6641,0,41140,0,41140,0,5,5,5
6178,nor,Norway,2008,36076,13593,0,49669,0,49669,0,0,0,0
6179,nor,Norway,2009,37806,16621,0,54427,0,54427,0,5,5,5
6180,nor,Norway,2010,40245,12443,0,52688,0,52688,0,0,0,0
6181,nor,Norway,2011,40671,11114,0,51785,0,51785,5,5,10,10
6182,nor,Norway,2012,42805,9317,0,52122,0,52122,5,5,10,10
6183,nor,Norway,2013,46088,6311,0,52399,0,52399,15,5,20,20
6184,nor,Norway,2014,47025,7148,0,54173,0,54173,15,0,15,15
6185,nor,Norway,2015,50377,25274,0,75651,0,75651,10,5,15,15
6186,nor,Norway,2016,59512,7505,0,67017,0,67017,10,15,25,25
6187,nor,Norway,2017,59230,2952,0,62182,0,62182,15,25,40,40
6188,nor,Norway,2018,57004,2246,0,59250,0,59250,5,11,16,16
6189,nor,Norway,2019,53882,1507,0,55389,0,55389,5,11,16,16
6190,nor,Norway,2020,49653,1083,0,50736,0,50736,5,15,20,20
6191,nor,Norway,2021,46042,1268,0,47310,0,47310,5,23,28,28
6192,nor,Norway,2022,75311,3313,0,78624,0,78624,5,15,20,20
6193,nor,Norway,2023,86449,5259,0,91708,0,91708,10,15,25,25
6194,omn,Oman,1994,0,0,0,0,0,0,5,0,5,5
6195,omn,Oman,1995,0,0,0,0,0,0,9,0,9,9
6196,omn,Oman,1996,0,0,0,0,0,0,8,0,8,8
6197,omn,Oman,1997,0,0,0,0,0,0,8,0,8,8
6198,omn,Oman,1998,0,0,0,0,0,0,8,0,8,8
6199,omn,Oman,1999,0,0,0,0,0,0,8,0,8,8
6200,omn,Oman,2000,0,0,0,0,0,0,5,6,11,11
6201,omn,Oman,2001,0,21,0,21,0,21,5,5,10,10
6202,omn,Oman,2002,0,26,0,26,0,26,19,5,24,24
6203,omn,Oman,2003,0,21,0,21,0,21,5,0,5,5
6204,omn,Oman,2004,7,21,0,28,0,28,16,0,16,16
6205,omn,Oman,2005,7,0,0,7,0,7,10,0,10,10
6206,omn,Oman,2006,7,0,0,7,0,7,37,0,37,37
6207,omn,Oman,2007,7,35,0,42,0,42,44,5,49,49
6208,omn,Oman,2008,7,44,0,51,0,51,55,0,55,55
6209,omn,Oman,2009,26,12,0,38,0,38,63,5,68,68
6210,omn,Oman,2010,78,13,0,91,0,91,62,6,68,68
6211,omn,Oman,2011,83,45,0,128,0,128,58,0,58,58
6212,omn,Oman,2012,138,21,0,159,0,159,62,0,62,62
6213,omn,Oman,2013,138,80,0,218,0,218,20,0,20,20
6214,omn,Oman,2014,150,232,0,382,0,382,25,9,34,34
6215,omn,Oman,2015,244,190,0,434,0,434,36,16,52,52
6216,omn,Oman,2016,316,365,0,681,0,681,35,24,59,59
6217,omn,Oman,2017,308,398,0,706,0,706,39,22,61,61
6218,omn,Oman,2018,310,254,0,564,0,564,42,28,70,70
6219,omn,Oman,2019,308,254,0,562,0,562,42,59,101,101
6220,omn,Oman,2020,308,330,0,638,0,638,47,70,117,117
6221,omn,Oman,2021,295,497,0,792,0,792,53,71,124,124
6222,omn,Oman,2022,295,421,0,716,0,716,59,99,158,158
6223,omn,Oman,2023,295,421,0,716,0,716,78,92,170,170
6224,pak,Pakistan,1979,400000,0,0,400000,0,400000,0,0,0,0
6225,pak,Pakistan,1980,1428230,0,0,1428230,0,1428230,0,0,0,0
6226,pak,Pakistan,1981,2375330,0,0,2375330,0,2375330,0,0,0,0
6227,pak,Pakistan,1982,2877480,0,0,2877480,0,2877480,0,0,0,0
6228,pak,Pakistan,1983,2901360,0,0,2901360,0,2901360,0,0,0,0
6229,pak,Pakistan,1984,2500000,0,0,2500000,0,2500000,0,0,0,0
6230,pak,Pakistan,1985,2732440,0,0,2732440,0,2732440,0,0,0,0
6231,pak,Pakistan,1986,2882100,0,0,2882100,0,2882100,0,0,0,0
6232,pak,Pakistan,1987,3159000,0,0,3159000,0,3159000,0,0,0,0
6233,pak,Pakistan,1988,3257577,0,0,3257577,0,3257577,274,0,274,274
6234,pak,Pakistan,1989,3275715,0,0,3275715,0,3275715,409,0,409,409
6235,pak,Pakistan,1990,3255975,0,0,3255975,0,3255975,485,0,485,485
6236,pak,Pakistan,1991,3099891,0,0,3099891,0,3099891,523,0,523,523
6237,pak,Pakistan,1992,1629218,0,0,1629218,0,1629218,1088,0,1088,1088
6238,pak,Pakistan,1993,1479266,0,0,1479266,0,1479266,1420,0,1420,1420
6239,pak,Pakistan,1994,1055435,0,0,1055435,0,1055435,4431,0,4431,4431
6240,pak,Pakistan,1995,1202493,0,0,1202493,0,1202493,5277,0,5277,5277
6241,pak,Pakistan,1996,1202703,0,0,1202703,0,1202703,7499,0,7499,7499
6242,pak,Pakistan,1997,1202733,0,0,1202733,0,1202733,5983,0,5983,5983
6243,pak,Pakistan,1998,1202462,0,0,1202462,0,1202462,6860,0,6860,6860
6244,pak,Pakistan,1999,1202015,0,0,1202015,0,1202015,8011,0,8011,8011
6245,pak,Pakistan,2000,2001460,616,0,2002076,0,2002076,10134,7201,17335,17335
6246,pak,Pakistan,2001,2198792,575,0,2199367,0,2199367,12326,8004,20330,20330
6247,pak,Pakistan,2002,1227429,1597,0,1229026,0,1229026,23164,11371,34535,34535
6248,pak,Pakistan,2003,1124295,13702,0,1137997,0,1137997,24390,16839,41229,41229
6249,pak,Pakistan,2004,1290980,8147,0,1299127,0,1299127,25943,15796,41739,41739
6250,pak,Pakistan,2005,1084689,3413,0,1088102,0,1088102,29906,16438,46344,46344
6251,pak,Pakistan,2006,1044464,2668,0,1047132,0,1047132,25636,6763,32399,32399
6252,pak,Pakistan,2007,2035025,3121,0,2038146,0,2038146,31847,8600,40447,40447
6253,pak,Pakistan,2008,1780935,2950,0,1783885,155809,1939694,32391,6242,38633,194442
6254,pak,Pakistan,2009,1740709,2429,0,1743138,1894557,3637695,35129,4756,39885,1934442
6255,pak,Pakistan,2010,1900619,2093,0,1902712,952035,2854747,39979,19998,59977,1012012
6256,pak,Pakistan,2011,1702698,1617,0,1704315,452932,2157247,35948,13679,49627,502559
6257,pak,Pakistan,2012,1638452,3281,0,1641733,757996,2399729,49778,23704,73482,831478
6258,pak,Pakistan,2013,1616505,5384,0,1621889,747498,2369387,48676,47543,96219,843717
6259,pak,Pakistan,2014,1505521,5524,0,1511045,1375904,2886949,335947,44419,380366,1756270
6260,pak,Pakistan,2015,1561157,6437,0,1567594,1146108,2713702,297886,63955,361841,1507949
6261,pak,Pakistan,2016,1352551,4854,0,1357405,448956,1806361,105419,67700,173119,622075
6262,pak,Pakistan,2017,1393132,3487,0,1396619,174354,1570973,128914,76885,205799,380153
6263,pak,Pakistan,2018,1404008,5170,0,1409178,96384,1505562,132248,75337,207585,303969
6264,pak,Pakistan,2019,1419596,8528,0,1428124,100680,1528804,136902,66245,203147,303827
6265,pak,Pakistan,2020,1438940,9794,0,1448734,98898,1547632,133280,61429,194709,293607
6266,pak,Pakistan,2021,1491070,13429,0,1504499,98898,1603397,132818,56687,189505,288403
6267,pak,Pakistan,2022,1743785,38277,0,1782062,0,1782062,112357,59126,171483,171483
6268,pak,Pakistan,2023,2080501,48893,0,2129394,0,2129394,115662,65388,181050,181050
6269,plw,Palau,2009,11,0,0,11,0,11,0,0,0,0
6270,plw,Palau,2010,0,0,0,0,0,0,0,0,0,0
6271,plw,Palau,2011,0,0,0,0,0,0,0,0,0,0
6272,plw,Palau,2012,0,0,0,0,0,0,0,0,0,0
6273,plw,Palau,2013,0,0,0,0,0,0,0,5,5,5
6274,plw,Palau,2014,0,0,0,0,0,0,0,0,0,0
6275,plw,Palau,2015,0,0,0,0,0,0,0,0,0,0
6276,plw,Palau,2016,0,0,0,0,0,0,0,0,0,0
6277,plw,Palau,2017,0,0,0,0,0,0,0,5,5,5
6278,plw,Palau,2018,0,0,0,0,0,0,0,0,0,0
6279,plw,Palau,2019,0,0,0,0,0,0,0,0,0,0
6280,plw,Palau,2020,0,0,0,0,0,0,0,0,0,0
6281,plw,Palau,2021,0,0,0,0,0,0,0,0,0,0
6282,plw,Palau,2022,0,0,0,0,0,0,5,0,5,5
6283,plw,Palau,2023,0,0,0,0,0,0,0,5,5,5
6284,pse,Palestine,1976,0,0,0,0,0,0,3200,0,3200,3200
6285,pse,Palestine,1977,0,0,0,0,0,0,0,0,0,0
6286,pse,Palestine,1978,0,0,0,0,0,0,0,0,0,0
6287,pse,Palestine,1979,0,0,0,0,0,0,0,0,0,0
6288,pse,Palestine,1980,0,0,0,0,0,0,0,0,0,0
6289,pse,Palestine,1981,0,0,0,0,0,0,0,0,0,0
6290,pse,Palestine,1982,0,0,0,0,0,0,9800,0,9800,9800
6291,pse,Palestine,1983,0,0,0,0,0,0,9110,0,9110,9110
6292,pse,Palestine,1984,0,0,0,0,0,0,0,0,0,0
6293,pse,Palestine,1985,0,0,0,0,0,0,31640,0,31640,31640
6294,pse,Palestine,1986,0,0,0,0,0,0,52705,0,52705,52705
6295,pse,Palestine,1987,0,0,0,0,0,0,2005,0,2005,2005
6296,pse,Palestine,1988,0,0,0,0,0,0,5014,0,5014,5014
6297,pse,Palestine,1989,0,0,0,0,0,0,8041,0,8041,8041
6298,pse,Palestine,1990,0,0,0,0,0,0,8521,0,8521,8521
6299,pse,Palestine,1991,0,0,0,0,0,0,65177,0,65177,65177
6300,pse,Palestine,1992,0,0,0,0,0,0,95343,0,95343,95343
6301,pse,Palestine,1993,0,0,0,0,0,0,81472,0,81472,81472
6302,pse,Palestine,1994,0,0,0,0,0,0,82559,0,82559,82559
6303,pse,Palestine,1995,0,0,0,0,0,0,72762,0,72762,72762
6304,pse,Palestine,1996,0,0,0,0,0,0,80202,0,80202,80202
6305,pse,Palestine,1997,0,0,0,0,0,0,76812,0,76812,76812
6306,pse,Palestine,1998,0,0,0,0,0,0,77517,0,77517,77517
6307,pse,Palestine,1999,0,0,0,0,0,0,100602,0,100602,100602
6308,pse,Palestine,2000,0,0,0,0,0,0,110641,538,111179,111179
6309,pse,Palestine,2001,0,0,0,0,0,0,349158,889,350047,350047
6310,pse,Palestine,2002,0,0,0,0,0,0,428775,999,429774,429774
6311,pse,Palestine,2003,0,0,0,0,0,0,350562,1074,351636,351636
6312,pse,Palestine,2004,0,0,0,0,0,0,349827,1024,350851,350851
6313,pse,Palestine,2005,0,0,0,0,0,0,349663,1053,350716,350716
6314,pse,Palestine,2006,0,0,0,0,0,0,334127,1386,335513,335513
6315,pse,Palestine,2007,0,0,0,0,0,0,341231,2416,343647,343647
6316,pse,Palestine,2008,0,0,0,0,0,0,340004,2648,342652,342652
6317,pse,Palestine,2009,0,0,0,0,0,0,95185,2488,97673,97673
6318,pse,Palestine,2010,0,0,0,0,0,0,93312,3194,96506,96506
6319,pse,Palestine,2011,0,0,0,0,0,0,94141,1760,95901,95901
6320,pse,Palestine,2012,0,0,0,0,0,0,94916,2423,97339,97339
6321,pse,Palestine,2013,0,0,0,0,0,0,96035,3336,99371,99371
6322,pse,Palestine,2014,0,0,0,0,0,0,97207,3636,100843,100843
6323,pse,Palestine,2015,0,0,0,0,0,0,98013,4315,102328,102328
6324,pse,Palestine,2016,0,0,0,0,0,0,97794,5980,103774,103774
6325,pse,Palestine,2017,0,0,0,0,0,0,99630,8859,108489,108489
6326,pse,Palestine,2018,0,0,0,0,0,0,100728,13461,114189,114189
6327,pse,Palestine,2019,0,0,0,0,0,0,96253,11537,107790,107790
6328,pse,Palestine,2020,0,0,0,0,0,0,100153,12456,112609,112609
6329,pse,Palestine,2021,0,0,0,0,0,0,103581,9645,113226,113226
6330,pse,Palestine,2022,0,0,0,0,0,0,104307,11295,115602,115602
6331,pse,Palestine,2023,0,0,0,0,0,0,106426,10386,116812,116812
6332,pan,Panama,1972,130,0,0,130,0,130,0,0,0,0
6333,pan,Panama,1973,0,0,0,0,0,0,0,0,0,0
6334,pan,Panama,1974,1150,0,0,1150,0,1150,0,0,0,0
6335,pan,Panama,1975,0,0,0,0,0,0,0,0,0,0
6336,pan,Panama,1976,0,0,0,0,0,0,0,0,0,0
6337,pan,Panama,1977,500,0,0,500,0,500,0,0,0,0
6338,pan,Panama,1978,1050,0,0,1050,0,1050,0,0,0,0
6339,pan,Panama,1979,1070,0,0,1070,0,1070,0,0,0,0
6340,pan,Panama,1980,3320,0,0,3320,0,3320,0,0,0,0
6341,pan,Panama,1981,1500,0,0,1500,0,1500,0,0,0,0
6342,pan,Panama,1982,1820,0,0,1820,0,1820,0,0,0,0
6343,pan,Panama,1983,1500,0,0,1500,0,1500,0,0,0,0
6344,pan,Panama,1984,1500,0,0,1500,0,1500,0,0,0,0
6345,pan,Panama,1985,1200,0,0,1200,0,1200,0,0,0,0
6346,pan,Panama,1986,1270,0,0,1270,0,1270,0,0,0,0
6347,pan,Panama,1987,1600,0,0,1600,0,1600,0,0,0,0
6348,pan,Panama,1988,1992,0,0,1992,0,1992,47,0,47,47
6349,pan,Panama,1989,1451,0,0,1451,0,1451,365,0,365,365
6350,pan,Panama,1990,1350,0,0,1350,0,1350,629,0,629,629
6351,pan,Panama,1991,914,0,0,914,0,914,640,0,640,640
6352,pan,Panama,1992,1007,0,0,1007,0,1007,652,0,652,652
6353,pan,Panama,1993,964,0,0,964,0,964,677,0,677,677
6354,pan,Panama,1994,972,0,0,972,0,972,486,0,486,486
6355,pan,Panama,1995,867,0,0,867,0,867,158,0,158,158
6356,pan,Panama,1996,864,0,0,864,0,864,146,0,146,146
6357,pan,Panama,1997,618,0,0,618,0,618,123,0,123,123
6358,pan,Panama,1998,1179,0,0,1179,0,1179,86,0,86,86
6359,pan,Panama,1999,1315,0,0,1315,0,1315,73,0,73,73
6360,pan,Panama,2000,1307,85,0,1392,0,1392,70,50,120,120
6361,pan,Panama,2001,1471,53,0,1524,0,1524,36,72,108,108
6362,pan,Panama,2002,1565,82,0,1647,0,1647,44,108,152,152
6363,pan,Panama,2003,1436,95,0,1531,0,1531,29,89,118,118
6364,pan,Panama,2004,1596,260,0,1856,0,1856,38,70,108,108
6365,pan,Panama,2005,1717,426,0,2143,0,2143,41,59,100,100
6366,pan,Panama,2006,1835,241,0,2076,0,2076,72,18,90,90
6367,pan,Panama,2007,16877,524,0,17401,0,17401,105,29,134,134
6368,pan,Panama,2008,16906,596,0,17502,0,17502,106,36,142,142
6369,pan,Panama,2009,16917,778,0,17695,0,17695,102,41,143,143
6370,pan,Panama,2010,17066,469,0,17535,0,17535,94,51,145,145
6371,pan,Panama,2011,17249,782,0,18031,0,18031,98,31,129,129
6372,pan,Panama,2012,17414,357,0,17771,0,17771,107,31,138,138
6373,pan,Panama,2013,17650,624,0,18274,0,18274,99,27,126,126
6374,pan,Panama,2014,17256,1395,0,18651,0,18651,83,28,111,111
6375,pan,Panama,2015,17304,2929,0,20233,0,20233,62,59,121,121
6376,pan,Panama,2016,17332,4465,0,21797,0,21797,33,81,114,114
6377,pan,Panama,2017,2417,7289,0,9706,0,9706,36,126,162,162
6378,pan,Panama,2018,2501,13602,94400,110503,0,110503,44,141,185,185
6379,pan,Panama,2019,2536,17673,115768,135977,0,135977,45,240,285,285
6380,pan,Panama,2020,2562,12892,118937,134391,0,134391,70,315,385,385
6381,pan,Panama,2021,2542,11630,128000,142172,0,142172,118,512,630,630
6382,pan,Panama,2022,2576,8475,146696,157747,0,157747,140,1017,1157,1157
6383,pan,Panama,2023,2596,8266,146559,157421,0,157421,190,1454,1644,1644
6384,png,Papua New Guinea,1978,1000,0,0,1000,0,1000,0,0,0,0
6385,png,Papua New Guinea,1979,1000,0,0,1000,0,1000,0,0,0,0
6386,png,Papua New Guinea,1980,1000,0,0,1000,0,1000,0,0,0,0
6387,png,Papua New Guinea,1981,150,0,0,150,0,150,0,0,0,0
6388,png,Papua New Guinea,1982,2200,0,0,2200,0,2200,0,0,0,0
6389,png,Papua New Guinea,1983,1230,0,0,1230,0,1230,0,0,0,0
6390,png,Papua New Guinea,1984,10950,0,0,10950,0,10950,0,0,0,0
6391,png,Papua New Guinea,1985,11750,0,0,11750,0,11750,0,0,0,0
6392,png,Papua New Guinea,1986,11290,0,0,11290,0,11290,0,0,0,0
6393,png,Papua New Guinea,1987,9620,0,0,9620,0,9620,0,0,0,0
6394,png,Papua New Guinea,1988,9241,0,0,9241,0,9241,0,0,0,0
6395,png,Papua New Guinea,1989,7732,0,0,7732,0,7732,0,0,0,0
6396,png,Papua New Guinea,1990,7099,0,0,7099,0,7099,0,0,0,0
6397,png,Papua New Guinea,1991,6098,0,0,6098,0,6098,0,0,0,0
6398,png,Papua New Guinea,1992,6686,0,0,6686,0,6686,0,0,0,0
6399,png,Papua New Guinea,1993,7670,0,0,7670,0,7670,0,0,0,0
6400,png,Papua New Guinea,1994,8461,0,0,8461,0,8461,0,0,0,0
6401,png,Papua New Guinea,1995,9600,0,0,9600,0,9600,2000,0,2000,2000
6402,png,Papua New Guinea,1996,10175,0,0,10175,0,10175,2006,0,2006,2006
6403,png,Papua New Guinea,1997,8198,0,0,8198,0,8198,806,0,806,806
6404,png,Papua New Guinea,1998,8198,0,0,8198,0,8198,216,0,216,216
6405,png,Papua New Guinea,1999,6664,0,0,6664,0,6664,6,0,6,6
6406,png,Papua New Guinea,2000,5862,0,0,5862,0,5862,6,0,6,6
6407,png,Papua New Guinea,2001,4941,0,0,4941,0,4941,6,0,6,6
6408,png,Papua New Guinea,2002,4941,312,0,5253,0,5253,12,5,17,17
6409,png,Papua New Guinea,2003,7491,305,0,7796,0,7796,12,6,18,18
6410,png,Papua New Guinea,2004,7626,199,0,7825,0,7825,12,0,12,12
6411,png,Papua New Guinea,2005,10001,5,0,10006,0,10006,20,17,37,37
6412,png,Papua New Guinea,2006,10182,0,0,10182,0,10182,27,6,33,33
6413,png,Papua New Guinea,2007,10000,10,0,10010,0,10010,33,18,51,51
6414,png,Papua New Guinea,2008,10005,5,0,10010,0,10010,44,10,54,54
6415,png,Papua New Guinea,2009,9704,5,0,9709,0,9709,68,11,79,79
6416,png,Papua New Guinea,2010,9699,0,0,9699,0,9699,87,43,130,130
6417,png,Papua New Guinea,2011,9378,0,0,9378,0,9378,126,46,172,172
6418,png,Papua New Guinea,2012,9378,156,0,9534,0,9534,172,83,255,255
6419,png,Papua New Guinea,2013,9373,404,0,9777,0,9777,219,146,365,365
6420,png,Papua New Guinea,2014,9503,398,0,9901,0,9901,285,213,498,498
6421,png,Papua New Guinea,2015,9503,448,0,9951,0,9951,335,198,533,533
6422,png,Papua New Guinea,2016,9529,16,0,9545,0,9545,401,261,662,662
6423,png,Papua New Guinea,2017,10018,0,0,10018,0,10018,406,372,778,778
6424,png,Papua New Guinea,2018,10022,151,0,10173,0,10173,424,445,869,869
6425,png,Papua New Guinea,2019,9698,132,0,9830,0,9830,475,549,1024,1024
6426,png,Papua New Guinea,2020,10781,108,0,10889,14000,24889,510,650,1160,15160
6427,png,Papua New Guinea,2021,11839,125,0,11964,24000,35964,507,636,1143,25143
6428,png,Papua New Guinea,2022,10524,3303,0,13827,90634,104461,610,610,1220,91854
6429,png,Papua New Guinea,2023,10516,3306,0,13822,90634,104456,610,609,1219,91853
6430,pry,Paraguay,1969,4000,0,0,4000,0,4000,0,0,0,0
6431,pry,Paraguay,1970,1500,0,0,1500,0,1500,0,0,0,0
6432,pry,Paraguay,1971,1500,0,0,1500,0,1500,0,0,0,0
6433,pry,Paraguay,1972,1400,0,0,1400,0,1400,0,0,0,0
6434,pry,Paraguay,1973,0,0,0,0,0,0,0,0,0,0
6435,pry,Paraguay,1974,1160,0,0,1160,0,1160,0,0,0,0
6436,pry,Paraguay,1975,0,0,0,0,0,0,0,0,0,0
6437,pry,Paraguay,1976,0,0,0,0,0,0,0,0,0,0
6438,pry,Paraguay,1977,1500,0,0,1500,0,1500,0,0,0,0
6439,pry,Paraguay,1978,1500,0,0,1500,0,1500,0,0,0,0
6440,pry,Paraguay,1979,1200,0,0,1200,0,1200,0,0,0,0
6441,pry,Paraguay,1980,800,0,0,800,0,800,0,0,0,0
6442,pry,Paraguay,1981,800,0,0,800,0,800,0,0,0,0
6443,pry,Paraguay,1982,50,0,0,50,0,50,0,0,0,0
6444,pry,Paraguay,1983,50,0,0,50,0,50,0,0,0,0
6445,pry,Paraguay,1984,0,0,0,0,0,0,0,0,0,0
6446,pry,Paraguay,1985,80,0,0,80,0,80,0,0,0,0
6447,pry,Paraguay,1986,60,0,0,60,0,60,0,0,0,0
6448,pry,Paraguay,1987,50,0,0,50,0,50,0,0,0,0
6449,pry,Paraguay,1988,50,0,0,50,0,50,0,0,0,0
6450,pry,Paraguay,1989,50,0,0,50,0,50,0,0,0,0
6451,pry,Paraguay,1990,66,0,0,66,0,66,19,0,19,19
6452,pry,Paraguay,1991,66,0,0,66,0,66,8,0,8,8
6453,pry,Paraguay,1992,45,0,0,45,0,45,10,0,10,10
6454,pry,Paraguay,1993,50,0,0,50,0,50,15,0,15,15
6455,pry,Paraguay,1994,60,0,0,60,0,60,64,0,64,64
6456,pry,Paraguay,1995,60,0,0,60,0,60,51,0,51,51
6457,pry,Paraguay,1996,53,0,0,53,0,53,45,0,45,45
6458,pry,Paraguay,1997,48,0,0,48,0,48,19,0,19,19
6459,pry,Paraguay,1998,34,0,0,34,0,34,16,0,16,16
6460,pry,Paraguay,1999,20,0,0,20,0,20,20,0,20,20
6461,pry,Paraguay,2000,19,0,0,19,0,19,20,16,36,36
6462,pry,Paraguay,2001,19,12,0,31,0,31,6,22,28,28
6463,pry,Paraguay,2002,19,5,0,24,0,24,26,44,70,70
6464,pry,Paraguay,2003,25,5,0,30,0,30,34,50,84,84
6465,pry,Paraguay,2004,40,0,0,40,0,40,34,42,76,76
6466,pry,Paraguay,2005,46,8,0,54,0,54,42,31,73,73
6467,pry,Paraguay,2006,55,0,0,55,0,55,103,36,139,139
6468,pry,Paraguay,2007,57,14,0,71,0,71,99,44,143,143
6469,pry,Paraguay,2008,70,0,0,70,0,70,97,32,129,129
6470,pry,Paraguay,2009,85,0,0,85,0,85,77,30,107,107
6471,pry,Paraguay,2010,103,0,0,103,0,103,86,24,110,110
6472,pry,Paraguay,2011,120,5,0,125,0,125,91,22,113,113
6473,pry,Paraguay,2012,129,5,0,134,0,134,101,23,124,124
6474,pry,Paraguay,2013,132,0,0,132,0,132,91,28,119,119
6475,pry,Paraguay,2014,149,9,0,158,0,158,87,34,121,121
6476,pry,Paraguay,2015,167,27,0,194,0,194,88,67,155,155
6477,pry,Paraguay,2016,199,31,0,230,0,230,68,117,185,185
6478,pry,Paraguay,2017,200,69,0,269,0,269,77,175,252,252
6479,pry,Paraguay,2018,260,350,803,1413,0,1413,73,278,351,351
6480,pry,Paraguay,2019,1014,680,3588,5282,0,5282,84,632,716,716
6481,pry,Paraguay,2020,1686,1452,2879,6017,0,6017,119,868,987,987
6482,pry,Paraguay,2021,4484,860,1910,7254,0,7254,125,1102,1227,1227
6483,pry,Paraguay,2022,5420,1200,1004,7624,0,7624,139,1202,1341,1341
6484,pry,Paraguay,2023,5891,1318,311,7520,0,7520,156,1535,1691,1691
6485,per,Peru,1970,1500,0,0,1500,0,1500,0,0,0,0
6486,per,Peru,1971,1500,0,0,1500,0,1500,0,0,0,0
6487,per,Peru,1972,1550,0,0,1550,0,1550,0,0,0,0
6488,per,Peru,1973,0,0,0,0,0,0,0,0,0,0
6489,per,Peru,1974,4600,0,0,4600,0,4600,0,0,0,0
6490,per,Peru,1975,600,0,0,600,0,600,0,0,0,0
6491,per,Peru,1976,440,0,0,440,0,440,0,0,0,0
6492,per,Peru,1977,1200,0,0,1200,0,1200,0,0,0,0
6493,per,Peru,1978,1100,0,0,1100,0,1100,0,0,0,0
6494,per,Peru,1979,6280,0,0,6280,0,6280,0,0,0,0
6495,per,Peru,1980,1460,0,0,1460,0,1460,0,0,0,0
6496,per,Peru,1981,1500,0,0,1500,0,1500,0,0,0,0
6497,per,Peru,1982,1200,0,0,1200,0,1200,0,0,0,0
6498,per,Peru,1983,600,0,0,600,0,600,0,0,0,0
6499,per,Peru,1984,560,0,0,560,0,560,0,0,0,0
6500,per,Peru,1985,700,0,0,700,0,700,0,0,0,0
6501,per,Peru,1986,600,0,0,600,0,600,0,0,0,0
6502,per,Peru,1987,640,0,0,640,0,640,0,0,0,0
6503,per,Peru,1988,654,0,0,654,0,654,5,0,5,5
6504,per,Peru,1989,691,0,0,691,0,691,26,0,26,26
6505,per,Peru,1990,724,0,0,724,0,724,255,0,255,255
6506,per,Peru,1991,683,0,0,683,0,683,473,0,473,473
6507,per,Peru,1992,640,0,0,640,0,640,727,0,727,727
6508,per,Peru,1993,736,0,0,736,0,736,1967,0,1967,1967
6509,per,Peru,1994,656,0,0,656,0,656,4333,0,4333,4333
6510,per,Peru,1995,610,0,0,610,0,610,5902,0,5902,5902
6511,per,Peru,1996,659,0,0,659,0,659,6695,0,6695,6695
6512,per,Peru,1997,744,0,0,744,0,744,6608,0,6608,6608
6513,per,Peru,1998,425,0,0,425,0,425,7065,0,7065,7065
6514,per,Peru,1999,700,0,0,700,0,700,7205,0,7205,7205
6515,per,Peru,2000,686,7,0,693,0,693,6948,2435,9383,9383
6516,per,Peru,2001,681,56,0,737,0,737,6500,2750,9250,9250
6517,per,Peru,2002,679,130,0,809,0,809,6431,3581,10012,10012
6518,per,Peru,2003,710,174,0,884,0,884,5578,2769,8347,8347
6519,per,Peru,2004,757,222,0,979,0,979,4767,2103,6870,6870
6520,per,Peru,2005,835,328,0,1163,0,1163,4863,1637,6500,6500
6521,per,Peru,2006,897,479,0,1376,0,1376,6977,1923,8900,8900
6522,per,Peru,2007,981,533,0,1514,0,1514,7738,3056,10794,10794
6523,per,Peru,2008,1060,570,0,1630,0,1630,7329,2500,9829,9829
6524,per,Peru,2009,1092,359,0,1451,0,1451,6272,5806,12078,12078
6525,per,Peru,2010,1129,257,0,1386,0,1386,5834,4764,10598,10598
6526,per,Peru,2011,1130,484,0,1614,0,1614,5488,498,5986,5986
6527,per,Peru,2012,1100,473,0,1573,0,1573,5207,336,5543,5543
6528,per,Peru,2013,1128,500,0,1628,0,1628,4762,696,5458,5458
6529,per,Peru,2014,1275,374,0,1649,0,1649,4333,1029,5362,5362
6530,per,Peru,2015,1454,350,0,1804,0,1804,3591,1530,5121,5121
6531,per,Peru,2016,1615,4368,0,5983,0,5983,2599,2290,4889,4889
6532,per,Peru,2017,1788,37728,0,39516,0,39516,2588,3497,6085,6085
6533,per,Peru,2018,2506,230845,428214,661565,0,661565,2579,4895,7474,7474
6534,per,Peru,2019,2850,487049,377864,867763,0,867763,2765,8669,11434,11434
6535,per,Peru,2020,4272,537552,515039,1056863,0,1056863,2834,10583,13417,13417
6536,per,Peru,2021,5790,537047,791442,1334279,0,1334279,3521,9046,12567,12567
6537,per,Peru,2022,6543,537461,969817,1513821,0,1513821,4021,24294,28315,28315
6538,per,Peru,2023,6751,538975,980470,1526196,0,1526196,4481,47690,52171,52171
6539,phl,Philippines,1975,690,0,0,690,0,690,0,0,0,0
6540,phl,Philippines,1976,940,0,0,940,0,940,0,0,0,0
6541,phl,Philippines,1977,1300,0,0,1300,0,1300,90000,0,90000,90000
6542,phl,Philippines,1978,5300,0,0,5300,0,5300,92000,0,92000,92000
6543,phl,Philippines,1979,5300,0,0,5300,0,5300,90000,0,90000,90000
6544,phl,Philippines,1980,20300,0,0,20300,0,20300,90000,0,90000,90000
6545,phl,Philippines,1981,23310,0,0,23310,0,23310,90000,0,90000,90000
6546,phl,Philippines,1982,15240,0,0,15240,0,15240,90000,0,90000,90000
6547,phl,Philippines,1983,18890,0,0,18890,0,18890,100000,0,100000,100000
6548,phl,Philippines,1984,18270,0,0,18270,0,18270,100000,0,100000,100000
6549,phl,Philippines,1985,16990,0,0,16990,0,16990,90000,0,90000,90000
6550,phl,Philippines,1986,13830,0,0,13830,0,13830,90000,0,90000,90000
6551,phl,Philippines,1987,13170,0,0,13170,0,13170,90000,0,90000,90000
6552,phl,Philippines,1988,21109,0,0,21109,0,21109,90000,0,90000,90000
6553,phl,Philippines,1989,26651,0,0,26651,0,26651,90000,0,90000,90000
6554,phl,Philippines,1990,19860,0,0,19860,0,19860,11,0,11,11
6555,phl,Philippines,1991,8972,0,0,8972,0,8972,15,0,15,15
6556,phl,Philippines,1992,6721,0,0,6721,0,6721,45,0,45,45
6557,phl,Philippines,1993,2476,0,0,2476,0,2476,111,0,111,111
6558,phl,Philippines,1994,668,0,0,668,0,668,435,0,435,435
6559,phl,Philippines,1995,776,0,0,776,0,776,515,0,515,515
6560,phl,Philippines,1996,685,0,0,685,0,685,599,0,599,599
6561,phl,Philippines,1997,306,0,0,306,0,306,526,0,526,526
6562,phl,Philippines,1998,303,0,0,303,0,303,45601,0,45601,45601
6563,phl,Philippines,1999,166,0,0,166,0,166,45516,0,45516,45516
6564,phl,Philippines,2000,175,10,0,185,0,185,45481,1848,47329,47329
6565,phl,Philippines,2001,132,34,0,166,0,166,45469,1838,47307,47307
6566,phl,Philippines,2002,109,38,0,147,0,147,45606,2019,47625,47625
6567,phl,Philippines,2003,109,32,0,141,0,141,409,1832,2241,2241
6568,phl,Philippines,2004,106,38,0,144,0,144,428,980,1408,1408
6569,phl,Philippines,2005,92,27,0,119,0,119,464,862,1326,1326
6570,phl,Philippines,2006,96,19,0,115,0,115,888,791,1679,1679
6571,phl,Philippines,2007,102,12,0,114,0,114,1550,752,2302,2302
6572,phl,Philippines,2008,99,78,0,177,0,177,1348,904,2252,2252
6573,phl,Philippines,2009,93,36,0,129,0,129,987,790,1777,1777
6574,phl,Philippines,2010,238,58,0,296,139509,139805,963,651,1614,141123
6575,phl,Philippines,2011,118,46,0,164,159465,159629,945,355,1300,160765
6576,phl,Philippines,2012,141,29,0,170,1159,1329,979,377,1356,2515
6577,phl,Philippines,2013,178,68,0,246,117369,117615,718,876,1594,118963
6578,phl,Philippines,2014,213,91,0,304,142430,142734,660,1117,1777,144207
6579,phl,Philippines,2015,254,185,0,439,63174,63613,582,1886,2468,65642
6580,phl,Philippines,2016,392,205,0,597,87418,88015,426,3119,3545,90963
6581,phl,Philippines,2017,512,210,0,722,311943,312665,445,8081,8526,320469
6582,phl,Philippines,2018,631,238,0,869,77651,78520,522,3804,4326,81977
6583,phl,Philippines,2019,680,319,0,999,178897,179896,554,4732,5286,184183
6584,phl,Philippines,2020,709,397,0,1106,150368,151474,469,4989,5458,155826
6585,phl,Philippines,2021,801,586,0,1387,105214,106601,521,5525,6046,111260
6586,phl,Philippines,2022,856,780,0,1636,98094,99730,586,5492,6078,104172
6587,phl,Philippines,2023,903,884,0,1787,95193,96980,603,5365,5968,101161
6588,pol,Poland,1970,0,0,0,0,0,0,150,0,150,150
6589,pol,Poland,1971,0,0,0,0,0,0,150,0,150,150
6590,pol,Poland,1972,0,0,0,0,0,0,140,0,140,140
6591,pol,Poland,1973,0,0,0,0,0,0,100,0,100,100
6592,pol,Poland,1974,0,0,0,0,0,0,70,0,70,70
6593,pol,Poland,1975,0,0,0,0,0,0,60,0,60,60
6594,pol,Poland,1976,0,0,0,0,0,0,50,0,50,50
6595,pol,Poland,1977,0,0,0,0,0,0,0,0,0,0
6596,pol,Poland,1978,0,0,0,0,0,0,50,0,50,50
6597,pol,Poland,1979,0,0,0,0,0,0,0,0,0,0
6598,pol,Poland,1980,0,0,0,0,0,0,471,0,471,471
6599,pol,Poland,1981,0,0,0,0,0,0,505,0,505,505
6600,pol,Poland,1982,0,0,0,0,0,0,775,0,775,775
6601,pol,Poland,1983,0,0,0,0,0,0,761,0,761,761
6602,pol,Poland,1984,0,0,0,0,0,0,994,0,994,994
6603,pol,Poland,1985,0,0,0,0,0,0,1655,0,1655,1655
6604,pol,Poland,1986,0,0,0,0,0,0,1102,0,1102,1102
6605,pol,Poland,1987,0,0,0,0,0,0,1475,0,1475,1475
6606,pol,Poland,1988,0,0,0,0,0,0,23266,0,23266,23266
6607,pol,Poland,1989,0,0,0,0,0,0,23072,0,23072,23072
6608,pol,Poland,1990,0,0,0,0,0,0,25632,0,25632,25632
6609,pol,Poland,1991,550,0,0,550,0,550,21643,0,21643,21643
6610,pol,Poland,1992,2719,0,0,2719,0,2719,14518,0,14518,14518
6611,pol,Poland,1993,810,0,0,810,0,810,13385,0,13385,13385
6612,pol,Poland,1994,393,0,0,393,0,393,35934,0,35934,35934
6613,pol,Poland,1995,600,0,0,600,0,600,19731,0,19731,19731
6614,pol,Poland,1996,600,0,0,600,0,600,12868,0,12868,12868
6615,pol,Poland,1997,835,0,0,835,0,835,7292,0,7292,7292
6616,pol,Poland,1998,895,0,0,895,0,895,1880,0,1880,1880
6617,pol,Poland,1999,937,0,0,937,0,937,1238,0,1238,1238
6618,pol,Poland,2000,1011,0,0,1011,0,1011,859,549,1408,1408
6619,pol,Poland,2001,1295,0,0,1295,0,1295,3187,879,4066,4066
6620,pol,Poland,2002,1586,2554,0,4140,0,4140,16713,818,17531,17531
6621,pol,Poland,2003,1822,1512,0,3334,0,3334,15211,904,16115,16115
6622,pol,Poland,2004,2491,3520,0,6011,0,6011,10683,569,11252,11252
6623,pol,Poland,2005,4585,1620,0,6205,0,6205,19642,603,20245,20245
6624,pol,Poland,2006,6786,1965,0,8751,0,8751,13508,372,13880,13880
6625,pol,Poland,2007,10037,5937,0,15974,0,15974,2911,187,3098,3098
6626,pol,Poland,2008,12761,4381,0,17142,0,17142,2385,225,2610,2610
6627,pol,Poland,2009,15299,2397,0,17696,0,17696,2052,245,2297,2297
6628,pol,Poland,2010,15537,2111,0,17648,0,17648,1758,153,1911,1911
6629,pol,Poland,2011,15834,2873,0,18707,0,18707,1811,349,2160,2160
6630,pol,Poland,2012,15897,2394,0,18291,0,18291,1638,326,1964,1964
6631,pol,Poland,2013,16428,2157,0,18585,0,18585,1428,274,1702,1702
6632,pol,Poland,2014,15730,2675,0,18405,0,18405,1306,263,1569,1569
6633,pol,Poland,2015,14057,3281,0,17338,0,17338,1298,399,1697,1697
6634,pol,Poland,2016,11738,3412,0,15150,0,15150,1159,565,1724,1724
6635,pol,Poland,2017,12225,2878,0,15103,0,15103,1123,784,1907,1907
6636,pol,Poland,2018,12495,3059,0,15554,0,15554,1085,912,1997,1997
6637,pol,Poland,2019,12658,4783,0,17441,0,17441,961,1016,1977,1977
6638,pol,Poland,2020,2771,3602,0,6373,0,6373,910,1052,1962,1962
6639,pol,Poland,2021,4875,3823,0,8698,0,8698,887,1056,1943,1943
6640,pol,Poland,2022,971129,3020,0,974149,0,974149,971,1044,2015,2015
6641,pol,Poland,2023,989877,3820,0,993697,0,993697,953,1056,2009,2009
6642,prt,Portugal,1975,150,0,0,150,0,150,0,0,0,0
6643,prt,Portugal,1976,0,0,0,0,0,0,0,0,0,0
6644,prt,Portugal,1977,7500,0,0,7500,0,7500,0,0,0,0
6645,prt,Portugal,1978,7500,0,0,7500,0,7500,0,0,0,0
6646,prt,Portugal,1979,7600,0,0,7600,0,7600,0,0,0,0
6647,prt,Portugal,1980,7600,0,0,7600,0,7600,0,0,0,0
6648,prt,Portugal,1981,7600,0,0,7600,0,7600,0,0,0,0
6649,prt,Portugal,1982,7600,0,0,7600,0,7600,0,0,0,0
6650,prt,Portugal,1983,700,0,0,700,0,700,0,0,0,0
6651,prt,Portugal,1984,600,0,0,600,0,600,0,0,0,0
6652,prt,Portugal,1985,700,0,0,700,0,700,0,0,0,0
6653,prt,Portugal,1986,800,0,0,800,0,800,0,0,0,0
6654,prt,Portugal,1987,800,0,0,800,0,800,0,0,0,0
6655,prt,Portugal,1988,789,0,0,789,0,789,0,0,0,0
6656,prt,Portugal,1989,657,0,0,657,0,657,0,0,0,0
6657,prt,Portugal,1990,867,0,0,867,0,867,0,0,0,0
6658,prt,Portugal,1991,998,0,0,998,0,998,0,0,0,0
6659,prt,Portugal,1992,1778,0,0,1778,0,1778,0,0,0,0
6660,prt,Portugal,1993,600,0,0,600,0,600,0,0,0,0
6661,prt,Portugal,1994,248,0,0,248,0,248,25,0,25,25
6662,prt,Portugal,1995,248,0,0,248,0,248,23,0,23,23
6663,prt,Portugal,1996,297,0,0,297,0,297,218,0,218,218
6664,prt,Portugal,1997,310,0,0,310,0,310,213,0,213,213
6665,prt,Portugal,1998,329,0,0,329,0,329,21,0,21,21
6666,prt,Portugal,1999,364,0,0,364,0,364,16,0,16,16
6667,prt,Portugal,2000,416,0,0,416,0,416,24,73,97,97
6668,prt,Portugal,2001,444,0,0,444,0,444,14,146,160,160
6669,prt,Portugal,2002,460,0,0,460,0,460,60,551,611,611
6670,prt,Portugal,2003,414,0,0,414,0,414,54,392,446,446
6671,prt,Portugal,2004,368,0,0,368,0,368,43,212,255,255
6672,prt,Portugal,2005,355,0,0,355,0,355,74,122,196,196
6673,prt,Portugal,2006,322,0,0,322,0,322,25,45,70,70
6674,prt,Portugal,2007,346,0,0,346,0,346,29,41,70,70
6675,prt,Portugal,2008,393,0,0,393,0,393,35,33,68,68
6676,prt,Portugal,2009,383,10,0,393,0,393,30,46,76,76
6677,prt,Portugal,2010,368,61,0,429,0,429,29,60,89,89
6678,prt,Portugal,2011,399,212,0,611,0,611,29,67,96,96
6679,prt,Portugal,2012,473,192,0,665,0,665,32,49,81,81
6680,prt,Portugal,2013,596,198,0,794,0,794,27,40,67,67
6681,prt,Portugal,2014,704,327,0,1031,0,1031,30,34,64,64
6682,prt,Portugal,2015,851,571,0,1422,0,1422,28,64,92,92
6683,prt,Portugal,2016,1189,850,0,2039,0,2039,20,81,101,101
6684,prt,Portugal,2017,1619,45,0,1664,0,1664,16,171,187,187
6685,prt,Portugal,2018,2130,85,0,2215,0,2215,20,245,265,265
6686,prt,Portugal,2019,2375,1057,0,3432,0,3432,25,338,363,363
6687,prt,Portugal,2020,2405,1154,0,3559,0,3559,27,360,387,387
6688,prt,Portugal,2021,2651,2162,0,4813,0,4813,26,439,465,465
6689,prt,Portugal,2022,59777,968,0,60745,0,60745,55,448,503,503
6690,prt,Portugal,2023,59311,896,0,60207,0,60207,43,776,819,819
6691,qat,Qatar,1980,200,0,0,200,0,200,0,0,0,0
6692,qat,Qatar,1981,200,0,0,200,0,200,0,0,0,0
6693,qat,Qatar,1982,200,0,0,200,0,200,0,0,0,0
6694,qat,Qatar,1983,200,0,0,200,0,200,0,0,0,0
6695,qat,Qatar,1984,200,0,0,200,0,200,0,0,0,0
6696,qat,Qatar,1985,200,0,0,200,0,200,0,0,0,0
6697,qat,Qatar,1986,0,0,0,0,0,0,0,0,0,0
6698,qat,Qatar,1987,0,0,0,0,0,0,0,0,0,0
6699,qat,Qatar,1988,0,0,0,0,0,0,0,0,0,0
6700,qat,Qatar,1989,0,0,0,0,0,0,0,0,0,0
6701,qat,Qatar,1990,0,0,0,0,0,0,0,0,0,0
6702,qat,Qatar,1991,0,0,0,0,0,0,0,0,0,0
6703,qat,Qatar,1992,0,0,0,0,0,0,0,0,0,0
6704,qat,Qatar,1993,0,0,0,0,0,0,0,0,0,0
6705,qat,Qatar,1994,0,0,0,0,0,0,49,0,49,49
6706,qat,Qatar,1995,0,0,0,0,0,0,30,0,30,30
6707,qat,Qatar,1996,0,0,0,0,0,0,17,0,17,17
6708,qat,Qatar,1997,0,0,0,0,0,0,18,0,18,18
6709,qat,Qatar,1998,0,0,0,0,0,0,21,0,21,21
6710,qat,Qatar,1999,6,0,0,6,0,6,6,0,6,6
6711,qat,Qatar,2000,31,0,0,31,0,31,0,31,31,31
6712,qat,Qatar,2001,67,9,0,76,0,76,0,29,29,29
6713,qat,Qatar,2002,46,19,0,65,0,65,10,30,40,40
6714,qat,Qatar,2003,46,42,0,88,0,88,14,14,28,28
6715,qat,Qatar,2004,46,23,0,69,0,69,10,0,10,10
6716,qat,Qatar,2005,46,23,0,69,0,69,6,5,11,11
6717,qat,Qatar,2006,46,28,0,74,0,74,48,5,53,53
6718,qat,Qatar,2007,46,38,0,84,0,84,57,0,57,57
6719,qat,Qatar,2008,13,31,0,44,0,44,69,0,69,69
6720,qat,Qatar,2009,29,10,0,39,0,39,66,5,71,71
6721,qat,Qatar,2010,51,15,0,66,0,66,109,7,116,116
6722,qat,Qatar,2011,80,48,0,128,0,128,93,7,100,100
6723,qat,Qatar,2012,80,54,0,134,0,134,123,5,128,128
6724,qat,Qatar,2013,130,10,0,140,0,140,15,0,15,15
6725,qat,Qatar,2014,132,86,0,218,0,218,23,5,28,28
6726,qat,Qatar,2015,117,116,0,233,0,233,21,12,33,33
6727,qat,Qatar,2016,176,143,0,319,0,319,25,23,48,48
6728,qat,Qatar,2017,188,123,0,311,0,311,31,39,70,70
6729,qat,Qatar,2018,189,91,0,280,0,280,30,33,63,63
6730,qat,Qatar,2019,202,99,0,301,0,301,36,36,72,72
6731,qat,Qatar,2020,201,243,0,444,0,444,33,38,71,71
6732,qat,Qatar,2021,197,310,0,507,0,507,47,35,82,82
6733,qat,Qatar,2022,197,140,0,337,0,337,40,128,168,168
6734,qat,Qatar,2023,193,140,0,333,0,333,49,56,105,105
6735,rou,Romania,1970,0,0,0,0,0,0,100,0,100,100
6736,rou,Romania,1971,0,0,0,0,0,0,60,0,60,60
6737,rou,Romania,1972,0,0,0,0,0,0,90,0,90,90
6738,rou,Romania,1973,0,0,0,0,0,0,90,0,90,90
6739,rou,Romania,1974,0,0,0,0,0,0,70,0,70,70
6740,rou,Romania,1975,0,0,0,0,0,0,70,0,70,70
6741,rou,Romania,1976,0,0,0,0,0,0,0,0,0,0
6742,rou,Romania,1977,1000,0,0,1000,0,1000,0,0,0,0
6743,rou,Romania,1978,1000,0,0,1000,0,1000,60,0,60,60
6744,rou,Romania,1979,1000,0,0,1000,0,1000,0,0,0,0
6745,rou,Romania,1980,1000,0,0,1000,0,1000,772,0,772,772
6746,rou,Romania,1981,1000,0,0,1000,0,1000,854,0,854,854
6747,rou,Romania,1982,1000,0,0,1000,0,1000,1157,0,1157,1157
6748,rou,Romania,1983,1000,0,0,1000,0,1000,1211,0,1211,1211
6749,rou,Romania,1984,1000,0,0,1000,0,1000,962,0,962,962
6750,rou,Romania,1985,0,0,0,0,0,0,2201,0,2201,2201
6751,rou,Romania,1986,0,0,0,0,0,0,1024,0,1024,1024
6752,rou,Romania,1987,0,0,0,0,0,0,1890,0,1890,1890
6753,rou,Romania,1988,0,0,0,0,0,0,20247,0,20247,20247
6754,rou,Romania,1989,0,0,0,0,0,0,45978,0,45978,45978
6755,rou,Romania,1990,0,0,0,0,0,0,51282,0,51282,51282
6756,rou,Romania,1991,651,0,0,651,0,651,27177,0,27177,27177
6757,rou,Romania,1992,520,0,0,520,0,520,25118,0,25118,25118
6758,rou,Romania,1993,1170,0,0,1170,0,1170,23566,0,23566,23566
6759,rou,Romania,1994,1170,0,0,1170,0,1170,22273,0,22273,22273
6760,rou,Romania,1995,192,0,0,192,0,192,16977,0,16977,16977
6761,rou,Romania,1996,261,0,0,261,0,261,11872,0,11872,11872
6762,rou,Romania,1997,631,0,0,631,0,631,8955,0,8955,8955
6763,rou,Romania,1998,983,0,0,983,0,983,10924,0,10924,10924
6764,rou,Romania,1999,1234,0,0,1234,0,1234,8560,0,8560,8560
6765,rou,Romania,2000,1677,0,0,1677,0,1677,7348,2466,9814,9814
6766,rou,Romania,2001,1792,0,0,1792,0,1792,6052,2812,8864,8864
6767,rou,Romania,2002,1839,34,0,1873,0,1873,8842,2293,11135,11135
6768,rou,Romania,2003,1991,302,0,2293,0,2293,8384,2164,10548,10548
6769,rou,Romania,2004,1610,188,0,1798,0,1798,6043,1339,7382,7382
6770,rou,Romania,2005,2040,263,0,2303,0,2303,11495,1135,12630,12630
6771,rou,Romania,2006,1636,165,0,1801,0,1801,7224,1323,8547,8547
6772,rou,Romania,2007,1741,158,0,1899,0,1899,5299,561,5860,5860
6773,rou,Romania,2008,1586,287,0,1873,0,1873,4747,385,5132,5132
6774,rou,Romania,2009,1065,391,0,1456,0,1456,4350,412,4762,4762
6775,rou,Romania,2010,1019,372,0,1391,0,1391,3926,308,4234,4234
6776,rou,Romania,2011,1003,751,0,1754,0,1754,3422,465,3887,3887
6777,rou,Romania,2012,1263,21,0,1284,0,1284,2802,610,3412,3412
6778,rou,Romania,2013,1747,121,0,1868,0,1868,2331,1151,3482,3482
6779,rou,Romania,2014,2171,325,0,2496,0,2496,1917,1011,2928,2928
6780,rou,Romania,2015,2581,408,0,2989,0,2989,1731,1377,3108,3108
6781,rou,Romania,2016,2880,72,0,2952,0,2952,1195,2520,3715,3715
6782,rou,Romania,2017,3911,1514,0,5425,0,5425,1210,3256,4466,4466
6783,rou,Romania,2018,4134,1476,0,5610,0,5610,1155,4253,5408,5408
6784,rou,Romania,2019,3860,916,0,4776,0,4776,1352,3910,5262,5262
6785,rou,Romania,2020,3581,2242,0,5823,0,5823,1343,3720,5063,5063
6786,rou,Romania,2021,4200,1504,0,5704,0,5704,1417,4452,5869,5869
6787,rou,Romania,2022,105621,1172,0,106793,0,106793,3959,6200,10159,10159
6788,rou,Romania,2023,139081,1918,0,140999,0,140999,1764,7498,9262,9262
6789,rus,Russia,1964,0,0,0,0,0,0,120,0,120,120
6790,rus,Russia,1965,0,0,0,0,0,0,0,0,0,0
6791,rus,Russia,1966,0,0,0,0,0,0,17970,0,17970,17970
6792,rus,Russia,1967,0,0,0,0,0,0,0,0,0,0
6793,rus,Russia,1968,0,0,0,0,0,0,0,0,0,0
6794,rus,Russia,1969,0,0,0,0,0,0,0,0,0,0
6795,rus,Russia,1970,0,0,0,0,0,0,170,0,170,170
6796,rus,Russia,1971,0,0,0,0,0,0,160,0,160,160
6797,rus,Russia,1972,0,0,0,0,0,0,150,0,150,150
6798,rus,Russia,1973,0,0,0,0,0,0,110,0,110,110
6799,rus,Russia,1974,0,0,0,0,0,0,80,0,80,80
6800,rus,Russia,1975,0,0,0,0,0,0,70,0,70,70
6801,rus,Russia,1976,0,0,0,0,0,0,60,0,60,60
6802,rus,Russia,1977,0,0,0,0,0,0,50,0,50,50
6803,rus,Russia,1978,0,0,0,0,0,0,50,0,50,50
6804,rus,Russia,1979,0,0,0,0,0,0,0,0,0,0
6805,rus,Russia,1980,0,0,0,0,0,0,10821,0,10821,10821
6806,rus,Russia,1981,0,0,0,0,0,0,11562,0,11562,11562
6807,rus,Russia,1982,0,0,0,0,0,0,11569,0,11569,11569
6808,rus,Russia,1983,0,0,0,0,0,0,11574,0,11574,11574
6809,rus,Russia,1984,0,0,0,0,0,0,11577,0,11577,11577
6810,rus,Russia,1985,0,0,0,0,0,0,11582,0,11582,11582
6811,rus,Russia,1986,0,0,0,0,0,0,10226,0,10226,10226
6812,rus,Russia,1987,0,0,0,0,0,0,8683,0,8683,8683
6813,rus,Russia,1988,0,0,0,0,0,0,33636,0,33636,33636
6814,rus,Russia,1989,0,0,0,0,0,0,68496,0,68496,68496
6815,rus,Russia,1990,0,0,0,0,0,0,117736,0,117736,117736
6816,rus,Russia,1991,0,0,0,0,0,0,155576,0,155576,155576
6817,rus,Russia,1992,0,0,0,0,0,0,213802,0,213802,213802
6818,rus,Russia,1993,0,0,0,0,0,0,243312,0,243312,243312
6819,rus,Russia,1994,0,0,0,0,90800,90800,251394,0,251394,342194
6820,rus,Russia,1995,0,0,0,0,128000,128000,207027,0,207027,335027
6821,rus,Russia,1996,246689,0,0,246689,161312,408001,173722,0,173722,335034
6822,rus,Russia,1997,237720,0,0,237720,337000,574720,198055,0,198055,535055
6823,rus,Russia,1998,128575,0,0,128575,171871,300446,172724,0,172724,344595
6824,rus,Russia,1999,80061,0,0,80061,498354,578415,28319,0,28319,526673
6825,rus,Russia,2000,26265,689,0,26954,490650,517604,40309,10597,50906,541556
6826,rus,Russia,2001,17970,737,0,18707,443288,461995,45154,14668,59822,503110
6827,rus,Russia,2002,14966,606,0,15572,371195,386767,91625,19615,111240,482435
6828,rus,Russia,2003,9897,275,0,10172,368220,378392,96414,21031,117445,485665
6829,rus,Russia,2004,1851,313,0,2164,334796,336960,108096,13000,121096,455892
6830,rus,Russia,2005,1513,286,0,1799,170544,172343,103037,14303,117340,287884
6831,rus,Russia,2006,1413,298,0,1711,158905,160616,159383,19057,178440,337345
6832,rus,Russia,2007,1636,3074,0,4710,189274,193984,93218,17581,110799,300073
6833,rus,Russia,2008,3470,1800,0,5270,91505,96775,103061,15697,118758,210263
6834,rus,Russia,2009,4877,1679,0,6556,79950,86506,109452,13286,122738,202688
6835,rus,Russia,2010,4924,1432,0,6356,75371,81727,111944,10468,122412,197783
6836,rus,Russia,2011,3913,943,0,4856,28450,33306,109783,11840,121623,150073
6837,rus,Russia,2012,3164,816,0,3980,0,3980,110587,15254,125841,125841
6838,rus,Russia,2013,3450,1242,0,4692,0,4692,74310,25961,100271,100271
6839,rus,Russia,2014,235732,3051,0,238783,0,238783,70552,24189,94741,94741
6840,rus,Russia,2015,314498,2047,0,316545,0,316545,67008,27508,94516,94516
6841,rus,Russia,2016,228981,3025,0,232006,0,232006,62759,35366,98125,98125
6842,rus,Russia,2017,126021,2168,0,128189,0,128189,61584,38663,100247,100247
6843,rus,Russia,2018,77382,1361,0,78743,0,78743,61457,43268,104725,104725
6844,rus,Russia,2019,42413,1445,0,43858,0,43858,62353,48282,110635,110635
6845,rus,Russia,2020,20260,813,0,21073,0,21073,52742,44399,97141,97141
6846,rus,Russia,2021,10901,524,0,11425,0,11425,68547,42959,111506,111506
6847,rus,Russia,2022,1277672,1066,0,1278738,0,1278738,80093,66373,146466,146466
6848,rus,Russia,2023,1249342,773,0,1250115,0,1250115,85382,94146,179528,179528
6849,rwa,Rwanda,1961,0,0,0,0,0,0,147000,0,147000,147000
6850,rwa,Rwanda,1962,0,0,0,0,0,0,147000,0,147000,147000
6851,rwa,Rwanda,1963,0,0,0,0,0,0,154000,0,154000,154000
6852,rwa,Rwanda,1964,0,0,0,0,0,0,166300,0,166300,166300
6853,rwa,Rwanda,1965,3000,0,0,3000,0,3000,155900,0,155900,155900
6854,rwa,Rwanda,1966,250,0,0,250,0,250,159600,0,159600,159600
6855,rwa,Rwanda,1967,0,0,0,0,0,0,160230,0,160230,160230
6856,rwa,Rwanda,1968,0,0,0,0,0,0,160100,0,160100,160100
6857,rwa,Rwanda,1969,0,0,0,0,0,0,144930,0,144930,144930
6858,rwa,Rwanda,1970,0,0,0,0,0,0,142050,0,142050,142050
6859,rwa,Rwanda,1971,0,0,0,0,0,0,141630,0,141630,141630
6860,rwa,Rwanda,1972,4000,0,0,4000,0,4000,153650,0,153650,153650
6861,rwa,Rwanda,1973,6500,0,0,6500,0,6500,163595,0,163595,163595
6862,rwa,Rwanda,1974,6000,0,0,6000,0,6000,178260,0,178260,178260
6863,rwa,Rwanda,1975,7400,0,0,7400,0,7400,175720,0,175720,175720
6864,rwa,Rwanda,1976,7500,0,0,7500,0,7500,176410,0,176410,176410
6865,rwa,Rwanda,1977,7500,0,0,7500,0,7500,169780,0,169780,169780
6866,rwa,Rwanda,1978,7600,0,0,7600,0,7600,175110,0,175110,175110
6867,rwa,Rwanda,1979,7900,0,0,7900,0,7900,176540,0,176540,176540
6868,rwa,Rwanda,1980,10450,0,0,10450,0,10450,286650,0,286650,286650
6869,rwa,Rwanda,1981,18150,0,0,18150,0,18150,277010,0,277010,277010
6870,rwa,Rwanda,1982,62000,0,0,62000,0,62000,327950,0,327950,327950
6871,rwa,Rwanda,1983,49500,0,0,49500,0,49500,321760,0,321760,321760
6872,rwa,Rwanda,1984,48940,0,0,48940,0,48940,357110,0,357110,357110
6873,rwa,Rwanda,1985,20110,0,0,20110,0,20110,376520,0,376520,376520
6874,rwa,Rwanda,1986,19400,0,0,19400,0,19400,371910,0,371910,371910
6875,rwa,Rwanda,1987,19470,0,0,19470,0,19470,353440,0,353440,353440
6876,rwa,Rwanda,1988,22202,0,0,22202,0,22202,327540,0,327540,327540
6877,rwa,Rwanda,1989,23290,0,0,23290,0,23290,319500,0,319500,319500
6878,rwa,Rwanda,1990,23601,0,0,23601,0,23601,361317,0,361317,361317
6879,rwa,Rwanda,1991,34004,0,0,34004,0,34004,431239,0,431239,431239
6880,rwa,Rwanda,1992,25162,0,0,25162,0,25162,434731,0,434731,434731
6881,rwa,Rwanda,1993,277000,0,0,277000,0,277000,450459,0,450459,450459
6882,rwa,Rwanda,1994,6000,0,0,6000,300000,306000,2257570,0,2257570,2557570
6883,rwa,Rwanda,1995,7792,0,0,7792,0,7792,1819367,0,1819367,1819367
6884,rwa,Rwanda,1996,25257,0,0,25257,0,25257,469132,0,469132,469132
6885,rwa,Rwanda,1997,34227,0,0,34227,21877,56104,67996,0,67996,89873
6886,rwa,Rwanda,1998,33398,0,0,33398,625000,658398,77738,0,77738,702738
6887,rwa,Rwanda,1999,34363,0,0,34363,0,34363,88934,0,88934,88934
6888,rwa,Rwanda,2000,28398,1716,0,30114,0,30114,119051,24806,143857,143857
6889,rwa,Rwanda,2001,34793,1715,0,36508,0,36508,84508,25910,110418,110418
6890,rwa,Rwanda,2002,30861,1574,0,32435,0,32435,75251,11037,86288,86288
6891,rwa,Rwanda,2003,36608,3019,0,39627,0,39627,75258,10143,85401,85401
6892,rwa,Rwanda,2004,50221,3240,0,53461,0,53461,63792,5354,69146,69146
6893,rwa,Rwanda,2005,45202,4299,0,49501,0,49501,100252,15857,116109,116109
6894,rwa,Rwanda,2006,49191,3945,0,53136,0,53136,92956,8614,101570,101570
6895,rwa,Rwanda,2007,53574,725,0,54299,0,54299,80955,8233,89188,89188
6896,rwa,Rwanda,2008,55067,347,0,55414,0,55414,72529,6083,78612,78612
6897,rwa,Rwanda,2009,54016,278,0,54294,0,54294,129108,4792,133900,133900
6898,rwa,Rwanda,2010,55398,284,0,55682,0,55682,115519,10302,125821,125821
6899,rwa,Rwanda,2011,55325,291,0,55616,0,55616,106832,9255,116087,116087
6900,rwa,Rwanda,2012,58217,1473,0,59690,0,59690,97357,10283,107640,107640
6901,rwa,Rwanda,2013,73352,210,0,73562,0,73562,83943,8483,92426,92426
6902,rwa,Rwanda,2014,73822,218,0,74040,0,74040,79396,10000,89396,89396
6903,rwa,Rwanda,2015,144739,406,0,145145,0,145145,286357,10948,297305,297305
6904,rwa,Rwanda,2016,156065,456,0,156521,0,156521,286063,11690,297753,297753
6905,rwa,Rwanda,2017,170991,438,0,171429,0,171429,258986,12801,271787,271787
6906,rwa,Rwanda,2018,145359,423,0,145782,0,145782,247469,13772,261241,261241
6907,rwa,Rwanda,2019,145054,493,0,145547,0,145547,246407,15726,262133,262133
6908,rwa,Rwanda,2020,139491,465,0,139956,0,139956,245781,16648,262429,262429
6909,rwa,Rwanda,2021,121896,393,0,122289,0,122289,248219,23523,271742,271742
6910,rwa,Rwanda,2022,120753,478,0,121231,0,121231,249753,17886,267639,267639
6911,rwa,Rwanda,2023,118501,9116,0,127617,0,127617,249543,18739,268282,268282
6912,wsm,Samoa,2001,0,0,0,0,0,0,0,6,6,6
6913,wsm,Samoa,2002,0,0,0,0,0,0,0,5,5,5
6914,wsm,Samoa,2003,0,0,0,0,0,0,0,0,0,0
6915,wsm,Samoa,2004,0,0,0,0,0,0,0,0,0,0
6916,wsm,Samoa,2005,0,0,0,0,0,0,0,0,0,0
6917,wsm,Samoa,2006,0,0,0,0,0,0,0,0,0,0
6918,wsm,Samoa,2007,0,0,0,0,0,0,0,0,0,0
6919,wsm,Samoa,2008,0,0,0,0,0,0,5,0,5,5
6920,wsm,Samoa,2009,0,0,0,0,0,0,0,0,0,0
6921,wsm,Samoa,2010,0,0,0,0,0,0,0,0,0,0
6922,wsm,Samoa,2011,0,0,0,0,0,0,0,0,0,0
6923,wsm,Samoa,2012,0,0,0,0,0,0,0,11,11,11
6924,wsm,Samoa,2013,0,0,0,0,0,0,0,7,7,7
6925,wsm,Samoa,2014,0,0,0,0,0,0,0,7,7,7
6926,wsm,Samoa,2015,0,5,0,5,0,5,0,9,9,9
6927,wsm,Samoa,2016,5,0,0,5,0,5,0,10,10,10
6928,wsm,Samoa,2017,5,0,0,5,0,5,0,11,11,11
6929,wsm,Samoa,2018,5,0,0,5,0,5,0,42,42,42
6930,wsm,Samoa,2019,0,0,0,0,0,0,0,84,84,84
6931,wsm,Samoa,2020,0,0,0,0,0,0,0,133,133,133
6932,wsm,Samoa,2021,0,0,0,0,0,0,5,160,165,165
6933,wsm,Samoa,2022,0,0,0,0,0,0,8,395,403,403
6934,wsm,Samoa,2023,0,0,0,0,0,0,8,395,403,403
6935,smr,San Marino,1998,0,0,0,0,0,0,5,0,5,5
6936,smr,San Marino,1999,0,0,0,0,0,0,5,0,5,5
6937,smr,San Marino,2000,0,0,0,0,0,0,5,0,5,5
6938,smr,San Marino,2001,0,0,0,0,0,0,0,0,0,0
6939,smr,San Marino,2002,0,0,0,0,0,0,5,0,5,5
6940,smr,San Marino,2003,0,0,0,0,0,0,0,0,0,0
6941,smr,San Marino,2004,0,0,0,0,0,0,0,0,0,0
6942,smr,San Marino,2005,0,0,0,0,0,0,0,5,5,5
6943,stp,Sao Tome and Principe,1985,0,0,0,0,0,0,50,0,50,50
6944,stp,Sao Tome and Principe,1986,0,0,0,0,0,0,0,0,0,0
6945,stp,Sao Tome and Principe,1987,0,0,0,0,0,0,0,0,0,0
6946,stp,Sao Tome and Principe,1988,0,0,0,0,0,0,0,0,0,0
6947,stp,Sao Tome and Principe,1989,0,0,0,0,0,0,0,0,0,0
6948,stp,Sao Tome and Principe,1990,0,0,0,0,0,0,0,0,0,0
6949,stp,Sao Tome and Principe,1991,0,0,0,0,0,0,0,0,0,0
6950,stp,Sao Tome and Principe,1992,0,0,0,0,0,0,0,0,0,0
6951,stp,Sao Tome and Principe,1993,0,0,0,0,0,0,0,0,0,0
6952,stp,Sao Tome and Principe,1994,0,0,0,0,0,0,28,0,28,28
6953,stp,Sao Tome and Principe,1995,0,0,0,0,0,0,32,0,32,32
6954,stp,Sao Tome and Principe,1996,0,0,0,0,0,0,47,0,47,47
6955,stp,Sao Tome and Principe,1997,0,0,0,0,0,0,42,0,42,42
6956,stp,Sao Tome and Principe,1998,0,0,0,0,0,0,39,0,39,39
6957,stp,Sao Tome and Principe,1999,0,0,0,0,0,0,29,0,29,29
6958,stp,Sao Tome and Principe,2000,0,0,0,0,0,0,23,6,29,29
6959,stp,Sao Tome and Principe,2001,0,0,0,0,0,0,21,14,35,35
6960,stp,Sao Tome and Principe,2002,0,0,0,0,0,0,41,0,41,41
6961,stp,Sao Tome and Principe,2003,0,0,0,0,0,0,41,0,41,41
6962,stp,Sao Tome and Principe,2004,0,0,0,0,0,0,36,0,36,36
6963,stp,Sao Tome and Principe,2005,0,0,0,0,0,0,23,0,23,23
6964,stp,Sao Tome and Principe,2006,0,0,0,0,0,0,30,0,30,30
6965,stp,Sao Tome and Principe,2007,0,0,0,0,0,0,32,0,32,32
6966,stp,Sao Tome and Principe,2008,0,0,0,0,0,0,32,0,32,32
6967,stp,Sao Tome and Principe,2009,0,0,0,0,0,0,32,0,32,32
6968,stp,Sao Tome and Principe,2010,0,0,0,0,0,0,32,0,32,32
6969,stp,Sao Tome and Principe,2011,0,0,0,0,0,0,32,0,32,32
6970,stp,Sao Tome and Principe,2012,0,0,0,0,0,0,31,0,31,31
6971,stp,Sao Tome and Principe,2013,0,0,0,0,0,0,31,0,31,31
6972,stp,Sao Tome and Principe,2014,0,0,0,0,0,0,24,5,29,29
6973,stp,Sao Tome and Principe,2015,0,0,0,0,0,0,24,10,34,34
6974,stp,Sao Tome and Principe,2016,0,0,0,0,0,0,31,8,39,39
6975,stp,Sao Tome and Principe,2017,0,0,0,0,0,0,31,23,54,54
6976,stp,Sao Tome and Principe,2018,0,0,0,0,0,0,31,25,56,56
6977,stp,Sao Tome and Principe,2019,0,0,0,0,0,0,28,29,57,57
6978,stp,Sao Tome and Principe,2020,0,0,0,0,0,0,28,23,51,51
6979,stp,Sao Tome and Principe,2021,0,0,0,0,0,0,6,25,31,31
6980,stp,Sao Tome and Principe,2022,0,0,0,0,0,0,11,23,34,34
6981,stp,Sao Tome and Principe,2023,0,0,0,0,0,0,11,20,31,31
6982,sau,Saudi Arabia,1974,100,0,0,100,0,100,0,0,0,0
6983,sau,Saudi Arabia,1975,0,0,0,0,0,0,0,0,0,0
6984,sau,Saudi Arabia,1976,0,0,0,0,0,0,0,0,0,0
6985,sau,Saudi Arabia,1977,0,0,0,0,0,0,0,0,0,0
6986,sau,Saudi Arabia,1978,0,0,0,0,0,0,0,0,0,0
6987,sau,Saudi Arabia,1979,100000,0,0,100000,0,100000,0,0,0,0
6988,sau,Saudi Arabia,1980,100000,0,0,100000,0,100000,0,0,0,0
6989,sau,Saudi Arabia,1981,65000,0,0,65000,0,65000,0,0,0,0
6990,sau,Saudi Arabia,1982,59000,0,0,59000,0,59000,0,0,0,0
6991,sau,Saudi Arabia,1983,59000,0,0,59000,0,59000,0,0,0,0
6992,sau,Saudi Arabia,1984,105500,0,0,105500,0,105500,0,0,0,0
6993,sau,Saudi Arabia,1985,130000,0,0,130000,0,130000,0,0,0,0
6994,sau,Saudi Arabia,1986,202100,0,0,202100,0,202100,0,0,0,0
6995,sau,Saudi Arabia,1987,0,0,0,0,0,0,0,0,0,0
6996,sau,Saudi Arabia,1988,0,0,0,0,0,0,0,0,0,0
6997,sau,Saudi Arabia,1989,0,0,0,0,0,0,0,0,0,0
6998,sau,Saudi Arabia,1990,0,0,0,0,0,0,0,0,0,0
6999,sau,Saudi Arabia,1991,33261,0,0,33261,0,33261,0,0,0,0
7000,sau,Saudi Arabia,1992,28660,0,0,28660,0,28660,0,0,0,0
7001,sau,Saudi Arabia,1993,24025,0,0,24025,0,24025,5,0,5,5
7002,sau,Saudi Arabia,1994,17965,0,0,17965,0,17965,180,0,180,180
7003,sau,Saudi Arabia,1995,13169,0,0,13169,0,13169,261,0,261,261
7004,sau,Saudi Arabia,1996,9852,0,0,9852,0,9852,244,0,244,244
7005,sau,Saudi Arabia,1997,5833,0,0,5833,0,5833,358,0,358,358
7006,sau,Saudi Arabia,1998,5531,0,0,5531,0,5531,362,0,362,362
7007,sau,Saudi Arabia,1999,5560,0,0,5560,0,5560,233,0,233,233
7008,sau,Saudi Arabia,2000,5308,173,0,5481,0,5481,77,41,118,118
7009,sau,Saudi Arabia,2001,245266,235,0,245501,0,245501,29,147,176,176
7010,sau,Saudi Arabia,2002,245290,125,0,245415,0,245415,104,105,209,209
7011,sau,Saudi Arabia,2003,240831,94,0,240925,0,240925,232,99,331,331
7012,sau,Saudi Arabia,2004,240551,172,0,240723,0,240723,212,83,295,295
7013,sau,Saudi Arabia,2005,240701,212,0,240913,0,240913,146,65,211,211
7014,sau,Saudi Arabia,2006,240772,269,0,241041,0,241041,609,42,651,651
7015,sau,Saudi Arabia,2007,240742,284,0,241026,0,241026,737,30,767,767
7016,sau,Saudi Arabia,2008,240570,189,0,240759,0,240759,700,33,733,733
7017,sau,Saudi Arabia,2009,573,101,0,674,0,674,629,43,672,672
7018,sau,Saudi Arabia,2010,578,85,0,663,0,663,659,75,734,734
7019,sau,Saudi Arabia,2011,595,80,0,675,0,675,733,103,836,836
7020,sau,Saudi Arabia,2012,575,98,0,673,0,673,811,141,952,952
7021,sau,Saudi Arabia,2013,557,98,0,655,0,655,575,192,767,767
7022,sau,Saudi Arabia,2014,559,99,0,658,0,658,616,380,996,996
7023,sau,Saudi Arabia,2015,122,33,0,155,0,155,686,561,1247,1247
7024,sau,Saudi Arabia,2016,136,51,0,187,0,187,937,987,1924,1924
7025,sau,Saudi Arabia,2017,153,82,0,235,0,235,1219,1247,2466,2466
7026,sau,Saudi Arabia,2018,263,2167,0,2430,0,2430,1492,1436,2928,2928
7027,sau,Saudi Arabia,2019,315,2327,0,2642,0,2642,1721,1410,3131,3131
7028,sau,Saudi Arabia,2020,330,9434,0,9764,0,9764,2003,1249,3252,3252
7029,sau,Saudi Arabia,2021,333,12449,0,12782,0,12782,2167,1541,3708,3708
7030,sau,Saudi Arabia,2022,454,3941,0,4395,0,4395,1942,2537,4479,4479
7031,sau,Saudi Arabia,2023,473,3937,0,4410,0,4410,2100,1748,3848,3848
7032,sen,Senegal,1963,6000,0,0,6000,0,6000,0,0,0,0
7033,sen,Senegal,1964,30000,0,0,30000,0,30000,0,0,0,0
7034,sen,Senegal,1965,50000,0,0,50000,0,50000,0,0,0,0
7035,sen,Senegal,1966,61400,0,0,61400,0,61400,0,0,0,0
7036,sen,Senegal,1967,59870,0,0,59870,0,59870,0,0,0,0
7037,sen,Senegal,1968,57210,0,0,57210,0,57210,0,0,0,0
7038,sen,Senegal,1969,68400,0,0,68400,0,68400,0,0,0,0
7039,sen,Senegal,1970,67060,0,0,67060,0,67060,0,0,0,0
7040,sen,Senegal,1971,80000,0,0,80000,0,80000,0,0,0,0
7041,sen,Senegal,1972,82000,0,0,82000,0,82000,0,0,0,0
7042,sen,Senegal,1973,84000,0,0,84000,0,84000,0,0,0,0
7043,sen,Senegal,1974,90000,0,0,90000,0,90000,0,0,0,0
7044,sen,Senegal,1975,46000,0,0,46000,0,46000,0,0,0,0
7045,sen,Senegal,1976,38000,0,0,38000,0,38000,0,0,0,0
7046,sen,Senegal,1977,5000,0,0,5000,0,5000,0,0,0,0
7047,sen,Senegal,1978,5000,0,0,5000,0,5000,0,0,0,0
7048,sen,Senegal,1979,5000,0,0,5000,0,5000,0,0,0,0
7049,sen,Senegal,1980,5000,0,0,5000,0,5000,0,0,0,0
7050,sen,Senegal,1981,4000,0,0,4000,0,4000,0,0,0,0
7051,sen,Senegal,1982,5250,0,0,5250,0,5250,0,0,0,0
7052,sen,Senegal,1983,5140,0,0,5140,0,5140,0,0,0,0
7053,sen,Senegal,1984,5200,0,0,5200,0,5200,0,0,0,0
7054,sen,Senegal,1985,5500,0,0,5500,0,5500,0,0,0,0
7055,sen,Senegal,1986,5510,0,0,5510,0,5510,0,0,0,0
7056,sen,Senegal,1987,5180,0,0,5180,0,5180,0,0,0,0
7057,sen,Senegal,1988,5203,0,0,5203,0,5203,5,0,5,5
7058,sen,Senegal,1989,53345,0,0,53345,0,53345,15006,0,15006,15006
7059,sen,Senegal,1990,58113,0,0,58113,0,58113,60006,0,60006,60006
7060,sen,Senegal,1991,71908,0,0,71908,0,71908,25137,0,25137,25137
7061,sen,Senegal,1992,71620,0,0,71620,0,71620,15463,0,15463,15463
7062,sen,Senegal,1993,73001,0,0,73001,0,73001,22594,0,22594,22594
7063,sen,Senegal,1994,72994,0,0,72994,0,72994,25619,0,25619,25619
7064,sen,Senegal,1995,66762,0,0,66762,0,66762,17587,0,17587,17587
7065,sen,Senegal,1996,65042,0,0,65042,0,65042,17630,0,17630,17630
7066,sen,Senegal,1997,57220,0,0,57220,0,57220,17163,0,17163,17163
7067,sen,Senegal,1998,60822,0,0,60822,0,60822,9712,0,9712,9712
7068,sen,Senegal,1999,21537,0,0,21537,0,21537,11598,0,11598,11598
7069,sen,Senegal,2000,20762,1948,0,22710,0,22710,11077,914,11991,11991
7070,sen,Senegal,2001,20703,2639,0,23342,0,23342,8554,1232,9786,9786
7071,sen,Senegal,2002,20706,1924,0,22630,0,22630,12069,781,12850,12850
7072,sen,Senegal,2003,20722,2260,0,22982,0,22982,8347,831,9178,9178
7073,sen,Senegal,2004,20802,2407,0,23209,0,23209,8325,1544,9869,9869
7074,sen,Senegal,2005,20706,2628,0,23334,0,23334,8662,1833,10495,10495
7075,sen,Senegal,2006,20587,2633,0,23220,0,23220,15150,1229,16379,16379
7076,sen,Senegal,2007,20417,2539,0,22956,0,22956,15886,888,16774,16774
7077,sen,Senegal,2008,33189,2692,0,35881,0,35881,16007,805,16812,16812
7078,sen,Senegal,2009,22143,2792,0,24935,0,24935,16306,616,16922,16922
7079,sen,Senegal,2010,20670,2174,0,22844,0,22844,16255,1522,17777,17777
7080,sen,Senegal,2011,20640,2261,0,22901,0,22901,17710,926,18636,18636
7081,sen,Senegal,2012,14229,2333,0,16562,0,16562,18717,2648,21365,21365
7082,sen,Senegal,2013,14241,2474,0,16715,0,16715,19815,4680,24495,24495
7083,sen,Senegal,2014,14267,2911,0,17178,0,17178,23110,8717,31827,31827
7084,sen,Senegal,2015,14383,3116,0,17499,0,17499,21267,14301,35568,35568
7085,sen,Senegal,2016,14575,3213,0,17788,0,17788,23054,16301,39355,39355
7086,sen,Senegal,2017,14646,3368,0,18014,0,18014,26584,25181,51765,51765
7087,sen,Senegal,2018,14359,1699,0,16058,0,16058,18208,17409,35617,35617
7088,sen,Senegal,2019,14467,1791,0,16258,0,16258,17208,15331,32539,32539
7089,sen,Senegal,2020,14361,1913,0,16274,0,16274,13986,15786,29772,29772
7090,sen,Senegal,2021,14479,2045,0,16524,0,16524,15129,17466,32595,32595
7091,sen,Senegal,2022,11802,260,0,12062,0,12062,13108,17358,30466,30466
7092,sen,Senegal,2023,11821,285,0,12106,0,12106,13462,13624,27086,27086
7093,srb,Serbia,1965,25820,0,0,25820,0,25820,0,0,0,0
7094,srb,Serbia,1966,26100,0,0,26100,0,26100,0,0,0,0
7095,srb,Serbia,1967,26210,0,0,26210,0,26210,0,0,0,0
7096,srb,Serbia,1968,26270,0,0,26270,0,26270,0,0,0,0
7097,srb,Serbia,1969,26120,0,0,26120,0,26120,130,0,130,130
7098,srb,Serbia,1970,26120,0,0,26120,0,26120,150,0,150,150
7099,srb,Serbia,1971,24000,0,0,24000,0,24000,140,0,140,140
7100,srb,Serbia,1972,26700,0,0,26700,0,26700,130,0,130,130
7101,srb,Serbia,1973,26290,0,0,26290,0,26290,130,0,130,130
7102,srb,Serbia,1974,26300,0,0,26300,0,26300,120,0,120,120
7103,srb,Serbia,1975,26300,0,0,26300,0,26300,120,0,120,120
7104,srb,Serbia,1976,26000,0,0,26000,0,26000,0,0,0,0
7105,srb,Serbia,1977,2000,0,0,2000,0,2000,0,0,0,0
7106,srb,Serbia,1978,1970,0,0,1970,0,1970,4200,0,4200,4200
7107,srb,Serbia,1979,1970,0,0,1970,0,1970,0,0,0,0
7108,srb,Serbia,1980,1970,0,0,1970,0,1970,270,0,270,270
7109,srb,Serbia,1981,1920,0,0,1920,0,1920,214,0,214,214
7110,srb,Serbia,1982,2030,0,0,2030,0,2030,177,0,177,177
7111,srb,Serbia,1983,2020,0,0,2020,0,2020,157,0,157,157
7112,srb,Serbia,1984,3150,0,0,3150,0,3150,91,0,91,91
7113,srb,Serbia,1985,3530,0,0,3530,0,3530,91,0,91,91
7114,srb,Serbia,1986,2180,0,0,2180,0,2180,72,0,72,72
7115,srb,Serbia,1987,1400,0,0,1400,0,1400,42,0,42,42
7116,srb,Serbia,1988,850,0,0,850,0,850,99,0,99,99
7117,srb,Serbia,1989,955,0,0,955,0,955,96,0,96,96
7118,srb,Serbia,1990,920,0,0,920,0,920,1745,0,1745,1745
7119,srb,Serbia,1991,517,0,0,517,0,517,45826,0,45826,45826
7120,srb,Serbia,1992,516430,0,0,516430,0,516430,90081,0,90081,90081
7121,srb,Serbia,1993,479110,0,0,479110,0,479110,58255,0,58255,58255
7122,srb,Serbia,1994,450694,0,0,450694,0,450694,54975,0,54975,54975
7123,srb,Serbia,1995,650695,0,0,650695,490,651185,86116,0,86116,86606
7124,srb,Serbia,1996,563210,0,0,563210,487,563697,103963,0,103963,104450
7125,srb,Serbia,1997,550064,0,0,550064,470,550534,106649,0,106649,107119
7126,srb,Serbia,1998,502035,0,0,502035,225000,727035,115289,0,115289,340289
7127,srb,Serbia,1999,501263,0,0,501263,234900,736163,172506,0,172506,407406
7128,srb,Serbia,2000,484390,8,0,484398,267500,751898,146749,49001,195750,463250
7129,srb,Serbia,2001,400306,50,0,400356,263600,663956,144231,50823,195054,458654
7130,srb,Serbia,2002,354400,30,0,354430,261826,616256,327582,17922,345504,607330
7131,srb,Serbia,2003,291397,33,0,291430,251833,543263,296627,14236,310863,562696
7132,srb,Serbia,2004,276677,38,0,276715,248154,524869,237015,9646,246661,494815
7133,srb,Serbia,2005,148259,24,0,148283,246391,394674,189985,18133,208118,454509
7134,srb,Serbia,2006,98995,0,0,98995,227590,326585,174022,19046,193068,420658
7135,srb,Serbia,2007,97991,11,0,98002,226350,324352,165636,14233,179869,406219
7136,srb,Serbia,2008,96735,34,0,96769,225879,322648,185930,14678,200608,426487
7137,srb,Serbia,2009,86348,25,0,86373,224881,311254,195625,12297,207922,432803
7138,srb,Serbia,2010,73604,194,0,73798,228442,302240,183284,16183,199467,427909
7139,srb,Serbia,2011,70702,392,0,71094,228215,299309,161664,15401,177065,405280
7140,srb,Serbia,2012,66367,315,0,66682,227821,294503,158903,16644,175547,403368
7141,srb,Serbia,2013,57079,380,0,57459,227495,284954,48725,22625,71350,298845
7142,srb,Serbia,2014,43749,439,0,44188,223139,267327,45730,45573,91303,314442
7143,srb,Serbia,2015,35326,108,0,35434,220002,255436,38620,53292,91912,311914
7144,srb,Serbia,2016,36517,122,0,36639,219633,256272,36928,21699,58627,278260
7145,srb,Serbia,2017,32205,141,0,32346,217453,249799,33246,12807,46053,263506
7146,srb,Serbia,2018,30944,219,0,31163,215794,246957,32368,9702,42070,257864
7147,srb,Serbia,2019,26427,274,0,26701,214696,241397,31251,7463,38714,253410
7148,srb,Serbia,2020,26085,302,0,26387,213018,239405,29976,7105,37081,250099
7149,srb,Serbia,2021,25644,223,0,25867,211823,237690,31735,6708,38443,250266
7150,srb,Serbia,2022,26521,191,0,26712,210308,237020,30677,6668,37345,247653
7151,srb,Serbia,2023,30866,201,0,31067,209796,240863,30333,8133,38466,248262
7152,syc,Seychelles,1988,0,0,0,0,0,0,49,0,49,49
7153,syc,Seychelles,1989,0,0,0,0,0,0,49,0,49,49
7154,syc,Seychelles,1990,0,0,0,0,0,0,58,0,58,58
7155,syc,Seychelles,1991,0,0,0,0,0,0,67,0,67,67
7156,syc,Seychelles,1992,0,0,0,0,0,0,52,0,52,52
7157,syc,Seychelles,1993,0,0,0,0,0,0,27,0,27,27
7158,syc,Seychelles,1994,0,0,0,0,0,0,553,0,553,553
7159,syc,Seychelles,1995,0,0,0,0,0,0,339,0,339,339
7160,syc,Seychelles,1996,0,0,0,0,0,0,138,0,138,138
7161,syc,Seychelles,1997,0,0,0,0,0,0,32,0,32,32
7162,syc,Seychelles,1998,0,0,0,0,0,0,38,0,38,38
7163,syc,Seychelles,1999,0,0,0,0,0,0,30,0,30,30
7164,syc,Seychelles,2000,0,0,0,0,0,0,25,12,37,37
7165,syc,Seychelles,2001,0,0,0,0,0,0,14,26,40,40
7166,syc,Seychelles,2002,0,0,0,0,0,0,43,28,71,71
7167,syc,Seychelles,2003,0,0,0,0,0,0,37,13,50,50
7168,syc,Seychelles,2004,0,0,0,0,0,0,47,10,57,57
7169,syc,Seychelles,2005,0,0,0,0,0,0,39,8,47,47
7170,syc,Seychelles,2006,0,0,0,0,0,0,61,5,66,66
7171,syc,Seychelles,2007,0,0,0,0,0,0,54,8,62,62
7172,syc,Seychelles,2008,0,0,0,0,0,0,51,14,65,65
7173,syc,Seychelles,2009,0,0,0,0,0,0,47,7,54,54
7174,syc,Seychelles,2010,0,0,0,0,0,0,47,0,47,47
7175,syc,Seychelles,2011,0,0,0,0,0,0,39,0,39,39
7176,syc,Seychelles,2012,0,0,0,0,0,0,30,0,30,30
7177,syc,Seychelles,2013,0,0,0,0,0,0,24,0,24,24
7178,syc,Seychelles,2014,0,0,0,0,0,0,23,12,35,35
7179,syc,Seychelles,2015,0,0,0,0,0,0,19,20,39,39
7180,syc,Seychelles,2016,0,0,0,0,0,0,10,5,15,15
7181,syc,Seychelles,2017,0,0,0,0,0,0,10,5,15,15
7182,syc,Seychelles,2018,0,0,0,0,0,0,15,0,15,15
7183,syc,Seychelles,2019,0,0,0,0,0,0,15,6,21,21
7184,syc,Seychelles,2020,0,0,0,0,0,0,10,5,15,15
7185,syc,Seychelles,2021,0,0,0,0,0,0,14,0,14,14
7186,syc,Seychelles,2022,0,0,0,0,0,0,9,5,14,14
7187,syc,Seychelles,2023,0,0,0,0,0,0,9,8,17,17
7188,sle,Sierra Leone,1969,500,0,0,500,0,500,0,0,0,0
7189,sle,Sierra Leone,1970,0,0,0,0,0,0,0,0,0,0
7190,sle,Sierra Leone,1971,0,0,0,0,0,0,0,0,0,0
7191,sle,Sierra Leone,1972,0,0,0,0,0,0,0,0,0,0
7192,sle,Sierra Leone,1973,0,0,0,0,0,0,0,0,0,0
7193,sle,Sierra Leone,1974,0,0,0,0,0,0,0,0,0,0
7194,sle,Sierra Leone,1975,0,0,0,0,0,0,0,0,0,0
7195,sle,Sierra Leone,1976,170,0,0,170,0,170,0,0,0,0
7196,sle,Sierra Leone,1977,150,0,0,150,0,150,0,0,0,0
7197,sle,Sierra Leone,1978,50,0,0,50,0,50,0,0,0,0
7198,sle,Sierra Leone,1979,60,0,0,60,0,60,0,0,0,0
7199,sle,Sierra Leone,1980,0,0,0,0,0,0,0,0,0,0
7200,sle,Sierra Leone,1981,0,0,0,0,0,0,0,0,0,0
7201,sle,Sierra Leone,1982,120,0,0,120,0,120,0,0,0,0
7202,sle,Sierra Leone,1983,150,0,0,150,0,150,0,0,0,0
7203,sle,Sierra Leone,1984,180,0,0,180,0,180,0,0,0,0
7204,sle,Sierra Leone,1985,160,0,0,160,0,160,0,0,0,0
7205,sle,Sierra Leone,1986,170,0,0,170,0,170,0,0,0,0
7206,sle,Sierra Leone,1987,90,0,0,90,0,90,0,0,0,0
7207,sle,Sierra Leone,1988,60,0,0,60,0,60,8,0,8,8
7208,sle,Sierra Leone,1989,0,0,0,0,0,0,8,0,8,8
7209,sle,Sierra Leone,1990,125830,0,0,125830,0,125830,8,0,8,8
7210,sle,Sierra Leone,1991,28036,0,0,28036,0,28036,142614,0,142614,142614
7211,sle,Sierra Leone,1992,5866,0,0,5866,0,5866,253591,0,253591,253591
7212,sle,Sierra Leone,1993,16274,0,0,16274,532000,548274,311181,0,311181,843181
7213,sle,Sierra Leone,1994,15866,0,0,15866,782000,797866,275298,0,275298,1057298
7214,sle,Sierra Leone,1995,4677,0,0,4677,654600,659277,379491,0,379491,1034091
7215,sle,Sierra Leone,1996,13536,0,0,13536,654600,668136,375100,0,375100,1029700
7216,sle,Sierra Leone,1997,13015,0,0,13015,670000,683015,329322,0,329322,999322
7217,sle,Sierra Leone,1998,9862,0,0,9862,670000,679862,406070,0,406070,1076070
7218,sle,Sierra Leone,1999,6566,0,0,6566,500000,506566,490047,0,490047,990047
7219,sle,Sierra Leone,2000,6543,458,0,7001,300000,307001,402798,6862,409660,709660
7220,sle,Sierra Leone,2001,10498,273,0,10771,0,10771,179097,9065,188162,188162
7221,sle,Sierra Leone,2002,63491,278,0,63769,0,63769,141473,7465,148938,148938
7222,sle,Sierra Leone,2003,61192,136,0,61328,0,61328,70571,6907,77478,77478
7223,sle,Sierra Leone,2004,65433,136,0,65569,0,65569,41797,8119,49916,49916
7224,sle,Sierra Leone,2005,59962,174,0,60136,0,60136,40473,5925,46398,46398
7225,sle,Sierra Leone,2006,27364,228,0,27592,0,27592,42849,5624,48473,48473
7226,sle,Sierra Leone,2007,8794,226,0,9020,0,9020,32114,4654,36768,36768
7227,sle,Sierra Leone,2008,7825,329,0,8154,0,8154,32517,2615,35132,35132
7228,sle,Sierra Leone,2009,9050,207,0,9257,0,9257,15398,2949,18347,18347
7229,sle,Sierra Leone,2010,8362,204,0,8566,0,8566,11261,1407,12668,12668
7230,sle,Sierra Leone,2011,8091,61,0,8152,0,8152,7985,1204,9189,9189
7231,sle,Sierra Leone,2012,4203,66,0,4269,0,4269,6191,2306,8497,8497
7232,sle,Sierra Leone,2013,2816,36,0,2852,0,2852,5305,2394,7699,7699
7233,sle,Sierra Leone,2014,1371,12,0,1383,0,1383,4988,3151,8139,8139
7234,sle,Sierra Leone,2015,760,12,0,772,0,772,4900,3486,8386,8386
7235,sle,Sierra Leone,2016,683,5,0,688,0,688,4678,4674,9352,9352
7236,sle,Sierra Leone,2017,678,0,0,678,0,678,4496,6236,10732,10732
7237,sle,Sierra Leone,2018,591,0,0,591,0,591,4846,7422,12268,12268
7238,sle,Sierra Leone,2019,441,0,0,441,0,441,5288,7272,12560,12560
7239,sle,Sierra Leone,2020,342,0,0,342,0,342,5734,8384,14118,14118
7240,sle,Sierra Leone,2021,345,0,0,345,0,345,6615,5685,12300,12300
7241,sle,Sierra Leone,2022,0,0,0,0,0,0,6939,6226,13165,13165
7242,sle,Sierra Leone,2023,0,0,0,0,0,0,6990,4969,11959,11959
7243,sgp,Singapore,1978,730,0,0,730,0,730,0,0,0,0
7244,sgp,Singapore,1979,900,0,0,900,0,900,0,0,0,0
7245,sgp,Singapore,1980,0,0,0,0,0,0,0,0,0,0
7246,sgp,Singapore,1981,0,0,0,0,0,0,0,0,0,0
7247,sgp,Singapore,1982,480,0,0,480,0,480,0,0,0,0
7248,sgp,Singapore,1983,290,0,0,290,0,290,0,0,0,0
7249,sgp,Singapore,1984,0,0,0,0,0,0,0,0,0,0
7250,sgp,Singapore,1985,0,0,0,0,0,0,0,0,0,0
7251,sgp,Singapore,1986,60,0,0,60,0,60,0,0,0,0
7252,sgp,Singapore,1987,320,0,0,320,0,320,0,0,0,0
7253,sgp,Singapore,1988,320,0,0,320,0,320,8,0,8,8
7254,sgp,Singapore,1989,480,0,0,480,0,480,5,0,5,5
7255,sgp,Singapore,1990,146,0,0,146,0,146,0,0,0,0
7256,sgp,Singapore,1991,166,0,0,166,0,166,0,0,0,0
7257,sgp,Singapore,1992,115,0,0,115,0,115,0,0,0,0
7258,sgp,Singapore,1993,5,0,0,5,0,5,0,0,0,0
7259,sgp,Singapore,1994,10,0,0,10,0,10,8,0,8,8
7260,sgp,Singapore,1995,109,0,0,109,0,109,8,0,8,8
7261,sgp,Singapore,1996,10,0,0,10,0,10,18,0,18,18
7262,sgp,Singapore,1997,5,0,0,5,0,5,20,0,20,20
7263,sgp,Singapore,1998,5,0,0,5,0,5,21,0,21,21
7264,sgp,Singapore,1999,0,0,0,0,0,0,24,0,24,24
7265,sgp,Singapore,2000,0,0,0,0,0,0,21,17,38,38
7266,sgp,Singapore,2001,0,0,0,0,0,0,15,19,34,34
7267,sgp,Singapore,2002,0,0,0,0,0,0,40,20,60,60
7268,sgp,Singapore,2003,0,0,0,0,0,0,35,20,55,55
7269,sgp,Singapore,2004,0,0,0,0,0,0,36,15,51,51
7270,sgp,Singapore,2005,0,0,0,0,0,0,35,22,57,57
7271,sgp,Singapore,2006,0,10,0,10,0,10,108,11,119,119
7272,sgp,Singapore,2007,7,21,0,28,0,28,117,14,131,131
7273,sgp,Singapore,2008,7,0,0,7,0,7,106,13,119,119
7274,sgp,Singapore,2009,5,0,0,5,0,5,77,12,89,89
7275,sgp,Singapore,2010,5,0,0,5,0,5,74,10,84,84
7276,sgp,Singapore,2011,0,0,0,0,0,0,65,18,83,83
7277,sgp,Singapore,2012,0,0,0,0,0,0,64,25,89,89
7278,sgp,Singapore,2013,0,0,0,0,0,0,61,30,91,91
7279,sgp,Singapore,2014,5,0,0,5,0,5,55,31,86,86
7280,sgp,Singapore,2015,0,0,0,0,0,0,50,45,95,95
7281,sgp,Singapore,2016,0,0,0,0,0,0,38,47,85,85
7282,sgp,Singapore,2017,0,0,0,0,0,0,48,55,103,103
7283,sgp,Singapore,2018,0,0,0,0,0,0,46,70,116,116
7284,sgp,Singapore,2019,0,0,0,0,0,0,39,88,127,127
7285,sgp,Singapore,2020,0,0,0,0,0,0,37,74,111,111
7286,sgp,Singapore,2021,0,0,0,0,0,0,34,100,134,134
7287,sgp,Singapore,2022,0,0,0,0,0,0,33,117,150,150
7288,sgp,Singapore,2023,0,5,0,5,0,5,37,130,167,167
7289,svk,Slovak Republic,1993,1521,0,0,1521,0,1521,0,0,0,0
7290,svk,Slovak Republic,1994,159,0,0,159,0,159,12,0,12,12
7291,svk,Slovak Republic,1995,2339,0,0,2339,0,2339,24,0,24,24
7292,svk,Slovak Republic,1996,1387,0,0,1387,0,1387,57,0,57,57
7293,svk,Slovak Republic,1997,746,0,0,746,0,746,69,0,69,69
7294,svk,Slovak Republic,1998,418,0,0,418,0,418,143,0,143,143
7295,svk,Slovak Republic,1999,436,0,0,436,0,436,178,0,178,178
7296,svk,Slovak Republic,2000,444,379,0,823,0,823,216,796,1012,1012
7297,svk,Slovak Republic,2001,461,3143,0,3604,0,3604,189,674,863,863
7298,svk,Slovak Republic,2002,443,4497,0,4940,0,4940,596,706,1302,1302
7299,svk,Slovak Republic,2003,412,4634,0,5046,0,5046,668,402,1070,1070
7300,svk,Slovak Republic,2004,396,2905,0,3301,0,3301,618,212,830,830
7301,svk,Slovak Republic,2005,352,2704,0,3056,0,3056,787,201,988,988
7302,svk,Slovak Republic,2006,235,2740,0,2975,0,2975,741,282,1023,1023
7303,svk,Slovak Republic,2007,265,578,0,843,0,843,346,97,443,443
7304,svk,Slovak Republic,2008,301,307,0,608,0,608,333,129,462,462
7305,svk,Slovak Republic,2009,387,254,0,641,0,641,336,348,684,684
7306,svk,Slovak Republic,2010,451,267,0,718,0,718,157,424,581,581
7307,svk,Slovak Republic,2011,535,185,0,720,0,720,271,538,809,809
7308,svk,Slovak Republic,2012,650,194,0,844,0,844,231,624,855,855
7309,svk,Slovak Republic,2013,691,200,0,891,0,891,321,399,720,720
7310,svk,Slovak Republic,2014,791,220,0,1011,0,1011,316,327,643,643
7311,svk,Slovak Republic,2015,816,173,0,989,0,989,325,541,866,866
7312,svk,Slovak Republic,2016,980,38,0,1018,0,1018,792,580,1372,1372
7313,svk,Slovak Republic,2017,912,26,0,938,0,938,913,699,1612,1612
7314,svk,Slovak Republic,2018,938,17,0,955,0,955,1218,390,1608,1608
7315,svk,Slovak Republic,2019,965,5,0,970,0,970,1343,231,1574,1574
7316,svk,Slovak Republic,2020,1006,44,0,1050,0,1050,1368,209,1577,1577
7317,svk,Slovak Republic,2021,1046,43,0,1089,0,1089,1426,171,1597,1597
7318,svk,Slovak Republic,2022,96563,104,0,96667,0,96667,569,213,782,782
7319,svk,Slovak Republic,2023,105104,54,0,105158,0,105158,612,147,759,759
7320,svn,Slovenia,1992,74100,0,0,74100,0,74100,0,0,0,0
7321,svn,Slovenia,1993,45000,0,0,45000,0,45000,28429,0,28429,28429
7322,svn,Slovenia,1994,29156,0,0,29156,0,29156,14829,0,14829,14829
7323,svn,Slovenia,1995,22314,0,0,22314,0,22314,12858,0,12858,12858
7324,svn,Slovenia,1996,10014,0,0,10014,0,10014,3369,0,3369,3369
7325,svn,Slovenia,1997,5133,0,0,5133,0,5133,3414,0,3414,3414
7326,svn,Slovenia,1998,3462,0,0,3462,0,3462,3299,0,3299,3299
7327,svn,Slovenia,1999,4380,0,0,4380,0,4380,3293,0,3293,3293
7328,svn,Slovenia,2000,2814,8813,0,11627,0,11627,3278,19,3297,3297
7329,svn,Slovenia,2001,2411,284,0,2695,0,2695,762,22,784,784
7330,svn,Slovenia,2002,384,187,0,571,0,571,853,28,881,881
7331,svn,Slovenia,2003,2065,122,0,2187,0,2187,608,25,633,633
7332,svn,Slovenia,2004,299,310,0,609,0,609,580,11,591,591
7333,svn,Slovenia,2005,243,182,0,425,0,425,154,19,173,173
7334,svn,Slovenia,2006,249,173,0,422,0,422,1757,11,1768,1768
7335,svn,Slovenia,2007,255,44,0,299,0,299,47,9,56,56
7336,svn,Slovenia,2008,257,74,0,331,0,331,49,12,61,61
7337,svn,Slovenia,2009,281,78,0,359,0,359,35,16,51,51
7338,svn,Slovenia,2010,315,112,0,427,0,427,35,15,50,50
7339,svn,Slovenia,2011,134,93,0,227,0,227,30,7,37,37
7340,svn,Slovenia,2012,169,93,0,262,0,262,32,12,44,44
7341,svn,Slovenia,2013,202,5,0,207,0,207,27,11,38,38
7342,svn,Slovenia,2014,251,61,0,312,0,312,25,5,30,30
7343,svn,Slovenia,2015,284,92,0,376,0,376,21,10,31,31
7344,svn,Slovenia,2016,454,309,0,763,0,763,20,12,32,32
7345,svn,Slovenia,2017,611,264,0,875,0,875,17,14,31,31
7346,svn,Slovenia,2018,746,245,0,991,0,991,19,10,29,29
7347,svn,Slovenia,2019,741,308,0,1049,0,1049,19,15,34,34
7348,svn,Slovenia,2020,823,277,0,1100,0,1100,17,5,22,22
7349,svn,Slovenia,2021,839,572,0,1411,0,1411,17,10,27,27
7350,svn,Slovenia,2022,8705,495,0,9200,0,9200,7,31,38,38
7351,svn,Slovenia,2023,10684,1136,0,11820,0,11820,7,31,38,38
7352,slb,Solomon Islands,1995,2000,0,0,2000,0,2000,34,0,34,34
7353,slb,Solomon Islands,1996,2000,0,0,2000,0,2000,34,0,34,34
7354,slb,Solomon Islands,1997,800,0,0,800,0,800,34,0,34,34
7355,slb,Solomon Islands,1998,210,0,0,210,0,210,34,0,34,34
7356,slb,Solomon Islands,1999,0,0,0,0,0,0,34,0,34,34
7357,slb,Solomon Islands,2000,0,0,0,0,0,0,34,23,57,57
7358,slb,Solomon Islands,2001,0,0,0,0,0,0,42,14,56,56
7359,slb,Solomon Islands,2002,0,0,0,0,0,0,55,5,60,60
7360,slb,Solomon Islands,2003,0,0,0,0,0,0,61,15,76,76
7361,slb,Solomon Islands,2004,0,0,0,0,0,0,61,10,71,71
7362,slb,Solomon Islands,2005,0,0,0,0,0,0,27,10,37,37
7363,slb,Solomon Islands,2006,0,0,0,0,0,0,37,26,63,63
7364,slb,Solomon Islands,2007,0,0,0,0,0,0,47,22,69,69
7365,slb,Solomon Islands,2008,0,0,0,0,0,0,51,0,51,51
7366,slb,Solomon Islands,2009,0,0,0,0,0,0,65,0,65,65
7367,slb,Solomon Islands,2010,0,0,0,0,0,0,75,0,75,75
7368,slb,Solomon Islands,2011,0,0,0,0,0,0,72,5,77,77
7369,slb,Solomon Islands,2012,0,5,0,5,0,5,60,5,65,65
7370,slb,Solomon Islands,2013,0,5,0,5,0,5,60,10,70,70
7371,slb,Solomon Islands,2014,5,0,0,5,0,5,70,20,90,90
7372,slb,Solomon Islands,2015,5,0,0,5,0,5,71,37,108,108
7373,slb,Solomon Islands,2016,0,0,0,0,0,0,71,79,150,150
7374,slb,Solomon Islands,2017,0,0,0,0,0,0,57,106,163,163
7375,slb,Solomon Islands,2018,0,5,0,5,0,5,33,145,178,178
7376,slb,Solomon Islands,2019,0,0,0,0,0,0,34,227,261,261
7377,slb,Solomon Islands,2020,0,0,0,0,0,0,37,267,304,304
7378,slb,Solomon Islands,2021,0,0,0,0,1000,1000,38,314,352,1352
7379,slb,Solomon Islands,2022,0,0,0,0,1000,1000,44,560,604,1604
7380,slb,Solomon Islands,2023,0,0,0,0,1000,1000,46,576,622,1622
7381,som,Somalia,1975,0,0,0,0,0,0,110,0,110,110
7382,som,Somalia,1976,0,0,0,0,0,0,50,0,50,50
7383,som,Somalia,1977,500000,0,0,500000,0,500000,60,0,60,60
7384,som,Somalia,1978,600000,0,0,600000,0,600000,90,0,90,90
7385,som,Somalia,1979,1175190,0,0,1175190,0,1175190,90,0,90,90
7386,som,Somalia,1980,2000000,0,0,2000000,0,2000000,134,0,134,134
7387,som,Somalia,1981,700000,0,0,700000,0,700000,34,0,34,34
7388,som,Somalia,1982,700000,0,0,700000,0,700000,118,0,118,118
7389,som,Somalia,1983,700000,0,0,700000,0,700000,39,0,39,39
7390,som,Somalia,1984,701300,0,0,701300,0,701300,639,0,639,639
7391,som,Somalia,1985,812000,0,0,812000,0,812000,1830,0,1830,1830
7392,som,Somalia,1986,700000,0,0,700000,0,700000,3142,0,3142,3142
7393,som,Somalia,1987,840100,0,0,840100,0,840100,60162,0,60162,60162
7394,som,Somalia,1988,834000,0,0,834000,0,834000,351993,0,351993,351993
7395,som,Somalia,1989,769630,0,0,769630,0,769630,360309,0,360309,360309
7396,som,Somalia,1990,460000,0,0,460000,0,460000,470174,0,470174,470174
7397,som,Somalia,1991,0,0,0,0,0,0,732596,0,732596,732596
7398,som,Somalia,1992,480,0,0,480,0,480,812196,0,812196,812196
7399,som,Somalia,1993,399,0,0,399,0,399,574612,0,574612,574612
7400,som,Somalia,1994,389,0,0,389,0,389,631420,0,631420,631420
7401,som,Somalia,1995,628,0,0,628,0,628,638695,0,638695,638695
7402,som,Somalia,1996,700,0,0,700,200000,200700,636984,0,636984,836984
7403,som,Somalia,1997,622,0,0,622,200000,200622,608086,0,608086,808086
7404,som,Somalia,1998,338,0,0,338,1603,1941,557953,0,557953,559556
7405,som,Somalia,1999,130,0,0,130,0,130,524604,0,524604,524604
7406,som,Somalia,2000,555,0,0,555,18000,18555,475644,11971,487615,505615
7407,som,Somalia,2001,587,60,0,647,0,647,440120,16195,456315,456315
7408,som,Somalia,2002,193,214,0,407,0,407,432304,13945,446249,446249
7409,som,Somalia,2003,366,190,0,556,0,556,402329,14772,417101,417101
7410,som,Somalia,2004,362,331,0,693,0,693,389287,20517,409804,409804
7411,som,Somalia,2005,498,97,0,595,400000,400595,395544,30466,426010,826010
7412,som,Somalia,2006,669,1215,0,1884,400000,401884,464026,22010,486036,886036
7413,som,Somalia,2007,903,8705,0,9608,1000000,1009608,457345,16424,473769,1473769
7414,som,Somalia,2008,1842,9243,0,11085,1277200,1288285,561145,20519,581664,1858864
7415,som,Somalia,2009,1819,24666,0,26485,1550000,1576485,678296,21059,699355,2249355
7416,som,Somalia,2010,1934,24111,0,26045,1463780,1489825,770141,22811,792952,2256732
7417,som,Somalia,2011,2100,6018,0,8118,1356845,1364963,1077038,31238,1108276,2465121
7418,som,Somalia,2012,2307,8461,0,10768,1132963,1143731,1136709,33680,1170389,2303352
7419,som,Somalia,2013,2426,9877,0,12303,1133000,1145303,1121760,35665,1157425,2290425
7420,som,Somalia,2014,2732,9262,0,11994,1133000,1144994,1106430,49063,1155493,2288493
7421,som,Somalia,2015,8081,10115,0,18196,1133000,1151196,1123144,56664,1179808,2312808
7422,som,Somalia,2016,11579,12792,0,24371,1562554,1586925,1012320,60491,1072811,2635365
7423,som,Somalia,2017,14565,14706,0,29271,2116705,2145976,986386,58320,1044706,3161411
7424,som,Somalia,2018,16738,16361,0,33099,2648001,2681100,949637,55852,1005489,3653490
7425,som,Somalia,2019,17882,17789,0,35671,2648000,2683671,901596,53083,954679,3602679
7426,som,Somalia,2020,11220,13229,0,24449,2967500,2991949,812356,53824,866180,3833680
7427,som,Somalia,2021,13804,16258,0,30062,2967500,2997562,776678,59605,836283,3803783
7428,som,Somalia,2022,16023,18578,0,34601,2967500,3002101,786794,56893,843687,3811187
7429,som,Somalia,2023,16736,19262,0,35998,3860099,3896097,814561,93076,907637,4767736
7430,zaf,South Africa,1966,,0,0,,0,,390,0,390,390
7431,zaf,South Africa,1967,,0,0,,0,,450,0,450,450
7432,zaf,South Africa,1968,,0,0,,0,,740,0,740,740
7433,zaf,South Africa,1969,,0,0,,0,,290,0,290,290
7434,zaf,South Africa,1970,,0,0,,0,,460,0,460,460
7435,zaf,South Africa,1971,,0,0,,0,,850,0,850,850
7436,zaf,South Africa,1972,,0,0,,0,,790,0,790,790
7437,zaf,South Africa,1973,,0,0,,0,,940,0,940,940
7438,zaf,South Africa,1974,,0,0,,0,,1380,0,1380,1380
7439,zaf,South Africa,1975,,0,0,,0,,1360,0,1360,1360
7440,zaf,South Africa,1976,,0,0,,0,,2180,0,2180,2180
7441,zaf,South Africa,1977,,0,0,,0,,2395,0,2395,2395
7442,zaf,South Africa,1978,,0,0,,0,,3840,0,3840,3840
7443,zaf,South Africa,1979,,0,0,,0,,7280,0,7280,7280
7444,zaf,South Africa,1980,,0,0,,0,,24250,0,24250,24250
7445,zaf,South Africa,1981,,0,0,,0,,24900,0,24900,24900
7446,zaf,South Africa,1982,,0,0,,0,,28430,0,28430,28430
7447,zaf,South Africa,1983,,0,0,,0,,34520,0,34520,34520
7448,zaf,South Africa,1984,,0,0,,0,,38560,0,38560,38560
7449,zaf,South Africa,1985,,0,0,,0,,38110,0,38110,38110
7450,zaf,South Africa,1986,,0,0,,0,,33220,0,33220,33220
7451,zaf,South Africa,1987,,0,0,,0,,26150,0,26150,26150
7452,zaf,South Africa,1988,,0,0,,0,,24906,0,24906,24906
7453,zaf,South Africa,1989,,0,0,,0,,17135,0,17135,17135
7454,zaf,South Africa,1990,,0,0,,0,,14781,0,14781,14781
7455,zaf,South Africa,1991,,0,0,,0,,11205,0,11205,11205
7456,zaf,South Africa,1992,,0,0,,0,,9241,0,9241,9241
7457,zaf,South Africa,1993,,0,0,,0,,9087,0,9087,9087
7458,zaf,South Africa,1994,,0,0,,0,,1514,0,1514,1514
7459,zaf,South Africa,1995,,0,0,,0,,492,0,492,492
7460,zaf,South Africa,1996,,0,0,,0,,286,0,286,286
7461,zaf,South Africa,1997,,0,0,,0,,241,0,241,241
7462,zaf,South Africa,1998,,0,0,,0,,184,0,184,184
7463,zaf,South Africa,1999,,0,0,,0,,190,0,190,190
7464,zaf,South Africa,2000,,15139,0,,0,,168,98,266,266
7465,zaf,South Africa,2001,,11413,0,,0,,131,178,309,309
7466,zaf,South Africa,2002,,52447,0,,0,,271,182,453,453
7467,zaf,South Africa,2003,,84089,0,,0,,284,274,558,558
7468,zaf,South Africa,2004,,115224,0,,0,,261,542,803,803
7469,zaf,South Africa,2005,,140095,0,,0,,259,153,412,412
7470,zaf,South Africa,2006,,131107,0,,0,,501,149,650,650
7471,zaf,South Africa,2007,,170864,0,,0,,474,108,582,582
7472,zaf,South Africa,2008,,227124,0,,0,,449,138,587,587
7473,zaf,South Africa,2009,,309794,0,,0,,380,162,542,542
7474,zaf,South Africa,2010,,171702,0,,0,,374,210,584,584
7475,zaf,South Africa,2011,,219341,0,,0,,422,200,622,622
7476,zaf,South Africa,2012,,230420,0,,0,,413,221,634,634
7477,zaf,South Africa,2013,,237231,0,,0,,424,352,776,776
7478,zaf,South Africa,2014,,463909,0,,0,,422,531,953,953
7479,zaf,South Africa,2015,,1096021,0,,0,,447,844,1291,1291
7480,zaf,South Africa,2016,,218275,0,,0,,452,1075,1527,1527
7481,zaf,South Africa,2017,,191333,0,,0,,461,1608,2069,2069
7482,zaf,South Africa,2018,,184193,0,,0,,482,2399,2881,2881
7483,zaf,South Africa,2019,,188235,0,,0,,441,2839,3280,3280
7484,zaf,South Africa,2020,,173461,0,,0,,474,3230,3704,3704
7485,zaf,South Africa,2021,,167411,0,,0,,643,3556,4199,4199
7486,zaf,South Africa,2022,,84316,0,,0,,784,3474,4258,4258
7487,zaf,South Africa,2023,,81938,0,,0,,811,3816,4627,4627
7488,kor,South Korea,1978,70,0,0,70,0,70,0,0,0,0
7489,kor,South Korea,1979,170,0,0,170,0,170,0,0,0,0
7490,kor,South Korea,1980,0,0,0,0,0,0,0,0,0,0
7491,kor,South Korea,1981,60,0,0,60,0,60,0,0,0,0
7492,kor,South Korea,1982,70,0,0,70,0,70,0,0,0,0
7493,kor,South Korea,1983,0,0,0,0,0,0,0,0,0,0
7494,kor,South Korea,1984,0,0,0,0,0,0,0,0,0,0
7495,kor,South Korea,1985,0,0,0,0,0,0,0,0,0,0
7496,kor,South Korea,1986,0,0,0,0,0,0,0,0,0,0
7497,kor,South Korea,1987,60,0,0,60,0,60,0,0,0,0
7498,kor,South Korea,1988,120,0,0,120,0,120,0,0,0,0
7499,kor,South Korea,1989,230,0,0,230,0,230,0,0,0,0
7500,kor,South Korea,1990,230,0,0,230,0,230,0,0,0,0
7501,kor,South Korea,1991,162,0,0,162,0,162,5,0,5,5
7502,kor,South Korea,1992,149,0,0,149,0,149,5,0,5,5
7503,kor,South Korea,1993,0,0,0,0,0,0,5,0,5,5
7504,kor,South Korea,1994,0,0,0,0,0,0,17,0,17,17
7505,kor,South Korea,1995,5,0,0,5,0,5,29,0,29,29
7506,kor,South Korea,1996,5,0,0,5,0,5,40,0,40,40
7507,kor,South Korea,1997,5,0,0,5,0,5,50,0,50,50
7508,kor,South Korea,1998,0,0,0,0,0,0,63,0,63,63
7509,kor,South Korea,1999,5,0,0,5,0,5,72,0,72,72
7510,kor,South Korea,2000,5,37,0,42,0,42,69,359,428,428
7511,kor,South Korea,2001,5,66,0,71,0,71,83,471,554,554
7512,kor,South Korea,2002,15,62,0,77,0,77,244,604,848,848
7513,kor,South Korea,2003,20,126,0,146,0,146,236,499,735,735
7514,kor,South Korea,2004,37,238,0,275,0,275,269,307,576,576
7515,kor,South Korea,2005,61,509,0,570,0,570,266,321,587,587
7516,kor,South Korea,2006,90,617,0,707,0,707,1333,308,1641,1641
7517,kor,South Korea,2007,108,1152,0,1260,0,1260,1183,384,1567,1567
7518,kor,South Korea,2008,162,1287,0,1449,0,1449,1099,509,1608,1608
7519,kor,South Korea,2009,253,643,0,896,0,896,567,318,885,885
7520,kor,South Korea,2010,352,694,0,1046,0,1046,578,233,811,811
7521,kor,South Korea,2011,389,1159,0,1548,0,1548,508,173,681,681
7522,kor,South Korea,2012,488,1526,0,2014,0,2014,555,183,738,738
7523,kor,South Korea,2013,548,2387,0,2935,0,2935,495,212,707,707
7524,kor,South Korea,2014,1164,3470,0,4634,0,4634,478,282,760,760
7525,kor,South Korea,2015,1455,5426,0,6881,0,6881,346,252,598,598
7526,kor,South Korea,2016,1798,6835,0,8633,0,8633,243,266,509,509
7527,kor,South Korea,2017,2238,9559,0,11797,0,11797,239,381,620,620
7528,kor,South Korea,2018,2890,19827,0,22717,0,22717,274,536,810,810
7529,kor,South Korea,2019,3196,25562,0,28758,0,28758,180,643,823,823
7530,kor,South Korea,2020,3443,20073,0,23516,0,23516,146,723,869,869
7531,kor,South Korea,2021,3559,12146,0,15705,0,15705,117,893,1010,1010
7532,kor,South Korea,2022,3825,15952,0,19777,0,19777,132,880,1012,1012
7533,kor,South Korea,2023,3907,20214,0,24121,0,24121,120,943,1063,1063
7534,ssd,South Sudan,2011,105023,90,0,105113,560161,665274,0,5,5,560166
7535,ssd,South Sudan,2012,202581,32,0,202613,345670,548283,87007,18676,105683,451353
7536,ssd,South Sudan,2013,229587,36,0,229623,331097,560720,114468,30675,145143,476240
7537,ssd,South Sudan,2014,248152,128,0,248280,1645392,1893672,616206,3766,619972,2265364
7538,ssd,South Sudan,2015,263012,835,0,263847,1790427,2054274,778722,4104,782826,2573253
7539,ssd,South Sudan,2016,262558,1790,0,264348,1853924,2118272,1436707,5792,1442499,3296423
7540,ssd,South Sudan,2017,283405,1895,0,285300,1903953,2189253,2439888,6452,2446340,4350293
7541,ssd,South Sudan,2018,291838,2535,0,294373,1878154,2172527,2285301,12701,2298002,4176156
7542,ssd,South Sudan,2019,298309,3677,0,301986,1665815,1967801,2234805,5616,2240421,3906236
7543,ssd,South Sudan,2020,314438,3763,0,318201,1600254,1918455,2188785,4858,2193643,3793897
7544,ssd,South Sudan,2021,333673,4314,0,337987,2017236,2355223,2362759,5037,2367796,4385032
7545,ssd,South Sudan,2022,308369,2137,0,310506,1474679,1785185,2295082,5228,2300310,3774989
7546,ssd,South Sudan,2023,314883,2606,0,317489,1490064,1807553,2227684,6700,2234384,3724448
7547,esp,Spain,1951,2000,0,0,2000,0,2000,0,0,0,0
7548,esp,Spain,1952,0,0,0,0,0,0,0,0,0,0
7549,esp,Spain,1953,0,0,0,0,0,0,0,0,0,0
7550,esp,Spain,1954,2000,0,0,2000,0,2000,0,0,0,0
7551,esp,Spain,1955,0,0,0,0,0,0,0,0,0,0
7552,esp,Spain,1956,0,0,0,0,0,0,0,0,0,0
7553,esp,Spain,1957,0,0,0,0,0,0,0,0,0,0
7554,esp,Spain,1958,0,0,0,0,0,0,0,0,0,0
7555,esp,Spain,1959,0,0,0,0,0,0,0,0,0,0
7556,esp,Spain,1960,0,0,0,0,0,0,0,0,0,0
7557,esp,Spain,1961,2000,0,0,2000,0,2000,0,0,0,0
7558,esp,Spain,1962,2000,0,0,2000,0,2000,0,0,0,0
7559,esp,Spain,1963,2000,0,0,2000,0,2000,0,0,0,0
7560,esp,Spain,1964,14000,0,0,14000,0,14000,0,0,0,0
7561,esp,Spain,1965,14000,0,0,14000,0,14000,0,0,0,0
7562,esp,Spain,1966,17000,0,0,17000,0,17000,0,0,0,0
7563,esp,Spain,1967,20000,0,0,20000,0,20000,0,0,0,0
7564,esp,Spain,1968,20000,0,0,20000,0,20000,0,0,0,0
7565,esp,Spain,1969,23000,0,0,23000,0,23000,0,0,0,0
7566,esp,Spain,1970,29500,0,0,29500,0,29500,680,0,680,680
7567,esp,Spain,1971,38000,0,0,38000,0,38000,670,0,670,670
7568,esp,Spain,1972,40000,0,0,40000,0,40000,650,0,650,650
7569,esp,Spain,1973,26000,0,0,26000,0,26000,390,0,390,390
7570,esp,Spain,1974,18000,0,0,18000,0,18000,210,0,210,210
7571,esp,Spain,1975,16000,0,0,16000,0,16000,140,0,140,140
7572,esp,Spain,1976,16500,0,0,16500,0,16500,510,0,510,510
7573,esp,Spain,1977,15000,0,0,15000,0,15000,0,0,0,0
7574,esp,Spain,1978,15000,0,0,15000,0,15000,0,0,0,0
7575,esp,Spain,1979,26000,0,0,26000,0,26000,0,0,0,0
7576,esp,Spain,1980,21500,0,0,21500,0,21500,5,0,5,5
7577,esp,Spain,1981,21500,0,0,21500,0,21500,5,0,5,5
7578,esp,Spain,1982,23500,0,0,23500,0,23500,50,0,50,50
7579,esp,Spain,1983,23700,0,0,23700,0,23700,600,0,600,600
7580,esp,Spain,1984,9900,0,0,9900,0,9900,60,0,60,60
7581,esp,Spain,1985,9300,0,0,9300,0,9300,60,0,60,60
7582,esp,Spain,1986,10200,0,0,10200,0,10200,0,0,0,0
7583,esp,Spain,1987,9200,0,0,9200,0,9200,60,0,60,60
7584,esp,Spain,1988,8691,0,0,8691,0,8691,0,0,0,0
7585,esp,Spain,1989,8676,0,0,8676,0,8676,0,0,0,0
7586,esp,Spain,1990,8303,0,0,8303,0,8303,0,0,0,0
7587,esp,Spain,1991,4005,0,0,4005,0,4005,0,0,0,0
7588,esp,Spain,1992,4040,0,0,4040,0,4040,0,0,0,0
7589,esp,Spain,1993,4990,0,0,4990,0,4990,0,0,0,0
7590,esp,Spain,1994,5351,0,0,5351,0,5351,42,0,42,42
7591,esp,Spain,1995,5840,0,0,5840,0,5840,36,0,36,36
7592,esp,Spain,1996,5672,0,0,5672,0,5672,217,0,217,217
7593,esp,Spain,1997,5512,0,0,5512,0,5512,214,0,214,214
7594,esp,Spain,1998,5918,0,0,5918,0,5918,57,0,57,57
7595,esp,Spain,1999,6708,0,0,6708,0,6708,49,0,49,49
7596,esp,Spain,2000,6982,0,0,6982,0,6982,75,21,96,96
7597,esp,Spain,2001,6804,0,0,6804,0,6804,45,18,63,63
7598,esp,Spain,2002,6783,0,0,6783,0,6783,58,25,83,83
7599,esp,Spain,2003,5912,0,0,5912,0,5912,51,40,91,91
7600,esp,Spain,2004,5690,0,0,5690,0,5690,53,28,81,81
7601,esp,Spain,2005,5369,0,0,5369,0,5369,49,20,69,69
7602,esp,Spain,2006,5269,0,0,5269,0,5269,2442,14,2456,2456
7603,esp,Spain,2007,5143,0,0,5143,0,5143,37,11,48,48
7604,esp,Spain,2008,4649,0,0,4649,0,4649,26,17,43,43
7605,esp,Spain,2009,3960,3280,0,7240,0,7240,34,51,85,85
7606,esp,Spain,2010,3814,2688,0,6502,0,6502,41,70,111,111
7607,esp,Spain,2011,4220,2670,0,6890,0,6890,42,85,127,127
7608,esp,Spain,2012,4502,2790,0,7292,0,7292,55,81,136,136
7609,esp,Spain,2013,4641,4329,0,8970,0,8970,56,68,124,124
7610,esp,Spain,2014,5797,7508,0,13305,0,13305,60,68,128,128
7611,esp,Spain,2015,6447,11023,0,17470,0,17470,60,85,145,145
7612,esp,Spain,2016,12983,20360,0,33343,0,33343,34,120,154,154
7613,esp,Spain,2017,17541,34866,0,52407,0,52407,39,197,236,236
7614,esp,Spain,2018,20437,78685,0,99122,0,99122,46,238,284,284
7615,esp,Spain,2019,57751,133030,0,190781,0,190781,51,276,327,327
7616,esp,Spain,2020,103624,103385,0,207009,0,207009,52,294,346,346
7617,esp,Spain,2021,122539,103850,0,226389,0,226389,55,423,478,478
7618,esp,Spain,2022,314490,134580,0,449070,0,449070,62,452,514,514
7619,esp,Spain,2023,369722,154440,0,524162,0,524162,62,1017,1079,1079
7620,lka,Sri Lanka,1985,0,0,0,0,0,0,160,0,160,160
7621,lka,Sri Lanka,1986,0,0,0,0,0,0,315,0,315,315
7622,lka,Sri Lanka,1987,0,0,0,0,0,0,219,0,219,219
7623,lka,Sri Lanka,1988,0,0,0,0,0,0,3388,0,3388,3388
7624,lka,Sri Lanka,1989,0,0,0,0,0,0,7692,0,7692,7692
7625,lka,Sri Lanka,1990,0,0,0,0,0,0,208271,0,208271,208271
7626,lka,Sri Lanka,1991,15,0,0,15,0,15,209349,0,209349,209349
7627,lka,Sri Lanka,1992,21,0,0,21,0,21,128115,0,128115,128115
7628,lka,Sri Lanka,1993,19,0,0,19,29400,29419,91837,0,91837,121237
7629,lka,Sri Lanka,1994,11,0,0,11,9090,9101,114454,0,114454,123544
7630,lka,Sri Lanka,1995,12,0,0,12,200000,200012,107587,0,107587,307587
7631,lka,Sri Lanka,1996,11,0,0,11,200000,200011,109576,0,109576,309576
7632,lka,Sri Lanka,1997,21,0,0,21,200000,200021,122277,0,122277,322277
7633,lka,Sri Lanka,1998,25,0,0,25,603025,603050,114971,0,114971,717996
7634,lka,Sri Lanka,1999,18,0,0,18,612518,612536,116698,0,116698,729216
7635,lka,Sri Lanka,2000,12,20,0,32,706514,706546,124156,6499,130655,837169
7636,lka,Sri Lanka,2001,13,30,0,43,731838,731881,122414,6596,129010,860848
7637,lka,Sri Lanka,2002,22,13,0,35,462826,462861,133240,4935,138175,601001
7638,lka,Sri Lanka,2003,26,5,0,31,386104,386135,122005,2966,124971,511075
7639,lka,Sri Lanka,2004,60,48,0,108,351884,351992,114050,3114,117164,469048
7640,lka,Sri Lanka,2005,106,117,0,223,324699,324922,108132,4242,112374,437073
7641,lka,Sri Lanka,2006,162,130,0,292,469165,469457,116948,4724,121672,590837
7642,lka,Sri Lanka,2007,184,196,0,380,459567,459947,134945,5974,140919,600486
7643,lka,Sri Lanka,2008,271,389,0,660,504800,505460,137742,7037,144779,649579
7644,lka,Sri Lanka,2009,251,338,0,589,434900,435489,145711,7566,153277,588177
7645,lka,Sri Lanka,2010,224,134,0,358,273772,274130,141064,8588,149652,423424
7646,lka,Sri Lanka,2011,187,198,0,385,138401,138786,136602,10239,146841,285242
7647,lka,Sri Lanka,2012,109,255,0,364,93482,93846,132720,14018,146738,240220
7648,lka,Sri Lanka,2013,143,1605,0,1748,42191,43939,123074,16133,139207,181398
7649,lka,Sri Lanka,2014,508,945,0,1453,30847,32300,121991,17211,139202,170049
7650,lka,Sri Lanka,2015,781,602,0,1383,44934,46317,121427,14782,136209,181143
7651,lka,Sri Lanka,2016,602,573,0,1175,39730,40905,117472,15462,132934,172664
7652,lka,Sri Lanka,2017,820,629,0,1449,39322,40771,115632,18934,134566,173888
7653,lka,Sri Lanka,2018,796,744,0,1540,35473,37013,113955,14517,128472,163945
7654,lka,Sri Lanka,2019,1041,361,0,1402,25110,26512,110341,16062,126403,151513
7655,lka,Sri Lanka,2020,1008,224,0,1232,25013,26245,142664,15061,157725,182738
7656,lka,Sri Lanka,2021,907,201,0,1108,8767,9875,151112,12209,163321,172088
7657,lka,Sri Lanka,2022,504,221,0,725,8540,9265,148144,15169,163313,171853
7658,lka,Sri Lanka,2023,567,224,0,791,7148,7939,147624,18343,165967,173115
7659,kna,St. Kitts and Nevis,2000,0,0,0,0,0,0,0,5,5,5
7660,kna,St. Kitts and Nevis,2001,0,0,0,0,0,0,0,0,0,0
7661,kna,St. Kitts and Nevis,2002,0,0,0,0,0,0,0,5,5,5
7662,kna,St. Kitts and Nevis,2003,0,0,0,0,0,0,0,5,5,5
7663,kna,St. Kitts and Nevis,2004,0,0,0,0,0,0,0,0,0,0
7664,kna,St. Kitts and Nevis,2005,0,0,0,0,0,0,31,0,31,31
7665,kna,St. Kitts and Nevis,2006,0,0,0,0,0,0,0,5,5,5
7666,kna,St. Kitts and Nevis,2007,0,0,0,0,0,0,0,8,8,8
7667,kna,St. Kitts and Nevis,2008,0,0,0,0,0,0,0,8,8,8
7668,kna,St. Kitts and Nevis,2009,0,0,0,0,0,0,0,11,11,11
7669,kna,St. Kitts and Nevis,2010,0,0,0,0,0,0,10,12,22,22
7670,kna,St. Kitts and Nevis,2011,0,0,0,0,0,0,7,14,21,21
7671,kna,St. Kitts and Nevis,2012,0,0,0,0,0,0,10,20,30,30
7672,kna,St. Kitts and Nevis,2013,0,0,0,0,0,0,12,21,33,33
7673,kna,St. Kitts and Nevis,2014,0,0,0,0,0,0,20,7,27,27
7674,kna,St. Kitts and Nevis,2015,0,0,0,0,0,0,25,20,45,45
7675,kna,St. Kitts and Nevis,2016,0,0,0,0,0,0,49,22,71,71
7676,kna,St. Kitts and Nevis,2017,0,5,0,5,0,5,51,18,69,69
7677,kna,St. Kitts and Nevis,2018,5,0,0,5,0,5,58,11,69,69
7678,kna,St. Kitts and Nevis,2019,5,0,0,5,0,5,57,17,74,74
7679,kna,St. Kitts and Nevis,2020,0,0,19,19,0,19,54,18,72,72
7680,kna,St. Kitts and Nevis,2021,0,0,60,60,0,60,47,32,79,79
7681,kna,St. Kitts and Nevis,2022,0,0,0,0,0,0,22,32,54,54
7682,kna,St. Kitts and Nevis,2023,0,14,0,14,0,14,22,56,78,78
7683,lca,St. Lucia,1997,5,0,0,5,0,5,0,0,0,0
7684,lca,St. Lucia,1998,0,0,0,0,0,0,5,0,5,5
7685,lca,St. Lucia,1999,0,0,0,0,0,0,10,0,10,10
7686,lca,St. Lucia,2000,0,0,0,0,0,0,12,28,40,40
7687,lca,St. Lucia,2001,0,0,0,0,0,0,9,66,75,75
7688,lca,St. Lucia,2002,0,0,0,0,0,0,12,275,287,287
7689,lca,St. Lucia,2003,0,0,0,0,0,0,16,272,288,288
7690,lca,St. Lucia,2004,0,0,0,0,0,0,32,149,181,181
7691,lca,St. Lucia,2005,0,0,0,0,0,0,96,200,296,296
7692,lca,St. Lucia,2006,0,0,0,0,0,0,163,144,307,307
7693,lca,St. Lucia,2007,0,0,0,0,0,0,227,179,406,406
7694,lca,St. Lucia,2008,0,0,0,0,0,0,288,336,624,624
7695,lca,St. Lucia,2009,0,5,0,5,0,5,312,597,909,909
7696,lca,St. Lucia,2010,0,6,0,6,0,6,334,683,1017,1017
7697,lca,St. Lucia,2011,0,5,0,5,0,5,432,679,1111,1111
7698,lca,St. Lucia,2012,0,0,0,0,0,0,567,517,1084,1084
7699,lca,St. Lucia,2013,5,0,0,5,0,5,711,257,968,968
7700,lca,St. Lucia,2014,0,0,0,0,0,0,921,35,956,956
7701,lca,St. Lucia,2015,0,0,0,0,0,0,1011,60,1071,1071
7702,lca,St. Lucia,2016,0,0,0,0,0,0,993,196,1189,1189
7703,lca,St. Lucia,2017,0,0,0,0,0,0,995,178,1173,1173
7704,lca,St. Lucia,2018,0,0,0,0,0,0,1025,65,1090,1090
7705,lca,St. Lucia,2019,0,0,0,0,0,0,843,74,917,917
7706,lca,St. Lucia,2020,0,0,0,0,0,0,726,83,809,809
7707,lca,St. Lucia,2021,0,0,0,0,0,0,457,91,548,548
7708,lca,St. Lucia,2022,0,0,0,0,0,0,94,122,216,216
7709,lca,St. Lucia,2023,0,0,0,0,0,0,98,201,299,299
7710,vct,St. Vincent and the Grenadines,1994,0,0,0,0,0,0,7,0,7,7
7711,vct,St. Vincent and the Grenadines,1995,0,0,0,0,0,0,7,0,7,7
7712,vct,St. Vincent and the Grenadines,1996,0,0,0,0,0,0,13,0,13,13
7713,vct,St. Vincent and the Grenadines,1997,0,0,0,0,0,0,13,0,13,13
7714,vct,St. Vincent and the Grenadines,1998,0,0,0,0,0,0,24,0,24,24
7715,vct,St. Vincent and the Grenadines,1999,0,0,0,0,0,0,36,0,36,36
7716,vct,St. Vincent and the Grenadines,2000,0,0,0,0,0,0,48,78,126,126
7717,vct,St. Vincent and the Grenadines,2001,0,0,0,0,0,0,67,174,241,241
7718,vct,St. Vincent and the Grenadines,2002,0,0,0,0,0,0,81,510,591,591
7719,vct,St. Vincent and the Grenadines,2003,0,0,0,0,0,0,105,419,524,524
7720,vct,St. Vincent and the Grenadines,2004,0,0,0,0,0,0,181,213,394,394
7721,vct,St. Vincent and the Grenadines,2005,0,0,0,0,0,0,279,353,632,632
7722,vct,St. Vincent and the Grenadines,2006,0,0,0,0,0,0,386,318,704,704
7723,vct,St. Vincent and the Grenadines,2007,0,0,0,0,0,0,644,504,1148,1148
7724,vct,St. Vincent and the Grenadines,2008,0,0,0,0,0,0,748,744,1492,1492
7725,vct,St. Vincent and the Grenadines,2009,0,0,0,0,0,0,847,1072,1919,1919
7726,vct,St. Vincent and the Grenadines,2010,0,0,0,0,0,0,946,1047,1993,1993
7727,vct,St. Vincent and the Grenadines,2011,0,0,0,0,0,0,1126,905,2031,2031
7728,vct,St. Vincent and the Grenadines,2012,0,0,0,0,0,0,1315,486,1801,1801
7729,vct,St. Vincent and the Grenadines,2013,0,0,0,0,0,0,1535,223,1758,1758
7730,vct,St. Vincent and the Grenadines,2014,0,0,0,0,0,0,1736,45,1781,1781
7731,vct,St. Vincent and the Grenadines,2015,0,0,0,0,0,0,1823,43,1866,1866
7732,vct,St. Vincent and the Grenadines,2016,0,0,0,0,0,0,1335,131,1466,1466
7733,vct,St. Vincent and the Grenadines,2017,0,0,0,0,0,0,1311,136,1447,1447
7734,vct,St. Vincent and the Grenadines,2018,0,0,0,0,0,0,1258,56,1314,1314
7735,vct,St. Vincent and the Grenadines,2019,0,0,38,38,0,38,979,77,1056,1056
7736,vct,St. Vincent and the Grenadines,2020,0,0,14,14,0,14,742,38,780,780
7737,vct,St. Vincent and the Grenadines,2021,0,0,5,5,0,5,467,85,552,552
7738,vct,St. Vincent and the Grenadines,2022,0,0,0,0,0,0,136,120,256,256
7739,vct,St. Vincent and the Grenadines,2023,0,0,0,0,0,0,133,157,290,290
7740,sdn,Sudan,1963,0,0,0,0,0,0,13000,0,13000,13000
7741,sdn,Sudan,1964,0,0,0,0,0,0,20300,0,20300,20300
7742,sdn,Sudan,1965,0,0,0,0,0,0,81560,0,81560,81560
7743,sdn,Sudan,1966,0,0,0,0,0,0,115000,0,115000,115000
7744,sdn,Sudan,1967,33000,0,0,33000,0,33000,120990,0,120990,120990
7745,sdn,Sudan,1968,38300,0,0,38300,0,38300,175500,0,175500,175500
7746,sdn,Sudan,1969,37350,0,0,37350,0,37350,170400,0,170400,170400
7747,sdn,Sudan,1970,60840,0,0,60840,0,60840,172960,0,172960,172960
7748,sdn,Sudan,1971,60000,0,0,60000,0,60000,171330,0,171330,171330
7749,sdn,Sudan,1972,49020,0,0,49020,0,49020,128450,0,128450,128450
7750,sdn,Sudan,1973,50900,0,0,50900,0,50900,13050,0,13050,13050
7751,sdn,Sudan,1974,53700,0,0,53700,0,53700,11770,0,11770,11770
7752,sdn,Sudan,1975,95500,0,0,95500,0,95500,11000,0,11000,11000
7753,sdn,Sudan,1976,110100,0,0,110100,0,110100,10600,0,10600,10600
7754,sdn,Sudan,1977,150000,0,0,150000,0,150000,10850,0,10850,10850
7755,sdn,Sudan,1978,270000,0,0,270000,0,270000,10850,0,10850,10850
7756,sdn,Sudan,1979,351700,0,0,351700,0,351700,10850,0,10850,10850
7757,sdn,Sudan,1980,493000,0,0,493000,0,493000,10850,0,10850,10850
7758,sdn,Sudan,1981,553000,0,0,553000,0,553000,5350,0,5350,5350
7759,sdn,Sudan,1982,637000,0,0,637000,0,637000,5350,0,5350,5350
7760,sdn,Sudan,1983,690000,0,0,690000,0,690000,31000,0,31000,31000
7761,sdn,Sudan,1984,971000,0,0,971000,0,971000,180060,0,180060,180060
7762,sdn,Sudan,1985,1164000,0,0,1164000,0,1164000,180855,0,180855,180855
7763,sdn,Sudan,1986,974200,0,0,974200,0,974200,132759,0,132759,132759
7764,sdn,Sudan,1987,807070,0,0,807070,0,807070,253166,0,253166,253166
7765,sdn,Sudan,1988,745000,0,0,745000,0,745000,347309,0,347309,347309
7766,sdn,Sudan,1989,767729,0,0,767729,0,767729,438899,0,438899,438899
7767,sdn,Sudan,1990,1031050,0,0,1031050,0,1031050,523996,0,523996,523996
7768,sdn,Sudan,1991,729200,0,0,729200,0,729200,196242,0,196242,196242
7769,sdn,Sudan,1992,725900,0,0,725900,0,725900,267767,0,267767,267767
7770,sdn,Sudan,1993,745200,0,0,745200,0,745200,393868,0,393868,393868
7771,sdn,Sudan,1994,727174,0,0,727174,0,727174,405129,0,405129,405129
7772,sdn,Sudan,1995,674071,0,0,674071,0,674071,445277,0,445277,445277
7773,sdn,Sudan,1996,393874,0,0,393874,0,393874,475302,0,475302,475302
7774,sdn,Sudan,1997,374414,0,0,374414,0,374414,364571,0,364571,364571
7775,sdn,Sudan,1998,391496,0,0,391496,0,391496,390001,0,390001,390001
7776,sdn,Sudan,1999,390995,0,0,390995,0,390995,485449,0,485449,485449
7777,sdn,Sudan,2000,414928,3203,0,418131,0,418131,494351,19094,513445,513445
7778,sdn,Sudan,2001,349209,5,0,349214,0,349214,489931,19824,509755,509755
7779,sdn,Sudan,2002,328177,23449,0,351626,0,351626,508863,13999,522862,522862
7780,sdn,Sudan,2003,138162,477,0,138639,0,138639,606230,6675,612905,612905
7781,sdn,Sudan,2004,141587,4265,0,145852,662302,808154,730631,11950,742581,1404883
7782,sdn,Sudan,2005,147255,4420,0,151675,841946,993621,693621,13461,707082,1549028
7783,sdn,Sudan,2006,196200,4456,0,200656,1325235,1525891,686296,16629,702925,2028160
7784,sdn,Sudan,2007,222720,7322,0,230042,1250000,1480042,523029,19406,542435,1792435
7785,sdn,Sudan,2008,181605,5862,0,187467,1201040,1388507,419249,18073,437322,1638362
7786,sdn,Sudan,2009,186292,5936,0,192228,1034140,1226368,368178,16901,385079,1419219
7787,sdn,Sudan,2010,178305,6038,0,184343,1624100,1808443,387265,23699,410964,2035064
7788,sdn,Sudan,2011,139407,6896,0,146303,2422520,2568823,500004,31447,531451,2953971
7789,sdn,Sudan,2012,152188,7665,0,159853,1873300,2033153,568934,21521,590455,2463755
7790,sdn,Sudan,2013,159848,10792,0,170640,1873300,2043940,648936,28378,677314,2550614
7791,sdn,Sudan,2014,277818,10194,0,288012,2192830,2480842,665956,36027,701983,2894813
7792,sdn,Sudan,2015,309632,12582,0,322214,3218234,3540448,627080,42909,669989,3888223
7793,sdn,Sudan,2016,421459,16056,0,437515,2225557,2663072,650391,50469,700860,2926417
7794,sdn,Sudan,2017,906590,18212,0,924802,1997022,2921824,694556,52191,746747,2743769
7795,sdn,Sudan,2018,1078280,17619,0,1095899,1864195,2960094,724787,67433,792220,2656415
7796,sdn,Sudan,2019,1055489,15541,0,1071030,1885782,2956812,734780,72017,806797,2692579
7797,sdn,Sudan,2020,1040288,16023,0,1056311,2552174,3608485,787823,70049,857872,3410046
7798,sdn,Sudan,2021,1103918,26619,0,1130537,3036590,4167127,825290,75164,900454,3937044
7799,sdn,Sudan,2022,1097128,31830,0,1128958,3552717,4681675,837188,86838,924026,4476743
7800,sdn,Sudan,2023,926433,33272,0,959705,3020517,3980222,1027070,124223,1151293,4171810
7801,sur,Suriname,1989,0,0,0,0,0,0,6601,0,6601,6601
7802,sur,Suriname,1990,0,0,0,0,0,0,6620,0,6620,6620
7803,sur,Suriname,1991,0,0,0,0,0,0,5921,0,5921,5921
7804,sur,Suriname,1992,52,0,0,52,0,52,2545,0,2545,2545
7805,sur,Suriname,1993,50,0,0,50,0,50,894,0,894,894
7806,sur,Suriname,1994,39,0,0,39,0,39,915,0,915,915
7807,sur,Suriname,1995,0,0,0,0,0,0,817,0,817,817
7808,sur,Suriname,1996,0,0,0,0,0,0,754,0,754,754
7809,sur,Suriname,1997,11,0,0,11,0,11,663,0,663,663
7810,sur,Suriname,1998,0,0,0,0,0,0,491,0,491,491
7811,sur,Suriname,1999,0,0,0,0,0,0,413,0,413,413
7812,sur,Suriname,2000,0,0,0,0,0,0,334,48,382,382
7813,sur,Suriname,2001,0,0,0,0,0,0,239,54,293,293
7814,sur,Suriname,2002,0,0,0,0,0,0,101,44,145,145
7815,sur,Suriname,2003,0,0,0,0,0,0,67,33,100,100
7816,sur,Suriname,2004,0,0,0,0,0,0,47,28,75,75
7817,sur,Suriname,2005,0,0,0,0,0,0,26,21,47,47
7818,sur,Suriname,2006,0,0,0,0,0,0,65,20,85,85
7819,sur,Suriname,2007,0,0,0,0,0,0,62,9,71,71
7820,sur,Suriname,2008,0,0,0,0,0,0,50,11,61,61
7821,sur,Suriname,2009,0,0,0,0,0,0,44,12,56,56
7822,sur,Suriname,2010,0,0,0,0,0,0,24,10,34,34
7823,sur,Suriname,2011,0,0,0,0,0,0,22,5,27,27
7824,sur,Suriname,2012,0,0,0,0,0,0,14,18,32,32
7825,sur,Suriname,2013,0,0,0,0,0,0,17,17,34,34
7826,sur,Suriname,2014,0,0,0,0,0,0,17,46,63,63
7827,sur,Suriname,2015,0,0,0,0,0,0,19,49,68,68
7828,sur,Suriname,2016,0,43,0,43,0,43,16,25,41,41
7829,sur,Suriname,2017,34,67,0,101,0,101,17,44,61,61
7830,sur,Suriname,2018,41,206,0,247,0,247,22,57,79,79
7831,sur,Suriname,2019,44,1426,0,1470,0,1470,17,72,89,89
7832,sur,Suriname,2020,19,1988,0,2007,0,2007,17,146,163,163
7833,sur,Suriname,2021,29,2133,0,2162,0,2162,22,118,140,140
7834,sur,Suriname,2022,25,2546,0,2571,0,2571,35,147,182,182
7835,sur,Suriname,2023,25,2811,0,2836,0,2836,41,146,187,187
7836,swz,Swaziland,1970,135,0,0,135,0,135,0,0,0,0
7837,swz,Swaziland,1971,50,0,0,50,0,50,0,0,0,0
7838,swz,Swaziland,1972,80,0,0,80,0,80,0,0,0,0
7839,swz,Swaziland,1973,100,0,0,100,0,100,0,0,0,0
7840,swz,Swaziland,1974,50,0,0,50,0,50,0,0,0,0
7841,swz,Swaziland,1975,50,0,0,50,0,50,0,0,0,0
7842,swz,Swaziland,1976,80,0,0,80,0,80,0,0,0,0
7843,swz,Swaziland,1977,135,0,0,135,0,135,0,0,0,0
7844,swz,Swaziland,1978,720,0,0,720,0,720,0,0,0,0
7845,swz,Swaziland,1979,5250,0,0,5250,0,5250,0,0,0,0
7846,swz,Swaziland,1980,5470,0,0,5470,0,5470,0,0,0,0
7847,swz,Swaziland,1981,5610,0,0,5610,0,5610,0,0,0,0
7848,swz,Swaziland,1982,7350,0,0,7350,0,7350,0,0,0,0
7849,swz,Swaziland,1983,6230,0,0,6230,0,6230,0,0,0,0
7850,swz,Swaziland,1984,8980,0,0,8980,0,8980,0,0,0,0
7851,swz,Swaziland,1985,10770,0,0,10770,0,10770,0,0,0,0
7852,swz,Swaziland,1986,12130,0,0,12130,0,12130,0,0,0,0
7853,swz,Swaziland,1987,14550,0,0,14550,0,14550,0,0,0,0
7854,swz,Swaziland,1988,29430,0,0,29430,0,29430,0,0,0,0
7855,swz,Swaziland,1989,34908,0,0,34908,0,34908,0,0,0,0
7856,swz,Swaziland,1990,42074,0,0,42074,0,42074,0,0,0,0
7857,swz,Swaziland,1991,49569,0,0,49569,0,49569,0,0,0,0
7858,swz,Swaziland,1992,55580,0,0,55580,0,55580,0,0,0,0
7859,swz,Swaziland,1993,48890,0,0,48890,0,48890,0,0,0,0
7860,swz,Swaziland,1994,645,0,0,645,0,645,11,0,11,11
7861,swz,Swaziland,1995,712,0,0,712,0,712,15,0,15,15
7862,swz,Swaziland,1996,575,0,0,575,0,575,16,0,16,16
7863,swz,Swaziland,1997,591,0,0,591,0,591,17,0,17,17
7864,swz,Swaziland,1998,589,0,0,589,0,589,29,0,29,29
7865,swz,Swaziland,1999,613,0,0,613,0,613,27,0,27,27
7866,swz,Swaziland,2000,690,0,0,690,0,690,16,0,16,16
7867,swz,Swaziland,2001,690,360,0,1050,0,1050,15,5,20,20
7868,swz,Swaziland,2002,653,367,0,1020,0,1020,20,5,25,25
7869,swz,Swaziland,2003,685,326,0,1011,0,1011,0,10,10,10
7870,swz,Swaziland,2004,703,305,0,1008,0,1008,6,10,16,16
7871,swz,Swaziland,2005,763,256,0,1019,0,1019,12,5,17,17
7872,swz,Swaziland,2006,752,256,0,1008,0,1008,16,5,21,21
7873,swz,Swaziland,2007,789,251,0,1040,0,1040,21,64,85,85
7874,swz,Swaziland,2008,775,440,0,1215,0,1215,28,95,123,123
7875,swz,Swaziland,2009,757,603,0,1360,0,1360,28,53,81,81
7876,swz,Swaziland,2010,757,0,0,757,0,757,32,50,82,82
7877,swz,Swaziland,2011,757,0,0,757,0,757,39,131,170,170
7878,swz,Swaziland,2012,499,415,0,914,0,914,59,166,225,225
7879,swz,Swaziland,2013,501,531,0,1032,0,1032,103,146,249,249
7880,swz,Swaziland,2014,511,266,0,777,0,777,151,140,291,291
7881,swz,Swaziland,2015,694,263,0,957,0,957,213,159,372,372
7882,swz,Swaziland,2016,725,377,0,1102,0,1102,224,137,361,361
7883,swz,Swaziland,2017,790,544,0,1334,0,1334,231,40,271,271
7884,swz,Swaziland,2018,874,739,0,1613,0,1613,237,48,285,285
7885,swz,Swaziland,2019,940,963,0,1903,0,1903,224,97,321,321
7886,swz,Swaziland,2020,945,1104,0,2049,0,2049,198,81,279,279
7887,swz,Swaziland,2021,895,646,0,1541,0,1541,165,80,245,245
7888,swz,Swaziland,2022,1173,976,0,2149,0,2149,127,122,249,249
7889,swz,Swaziland,2023,1180,1419,0,2599,0,2599,122,176,298,298
7890,swe,Sweden,1951,44000,0,0,44000,0,44000,0,0,0,0
7891,swe,Sweden,1952,42000,0,0,42000,0,42000,0,0,0,0
7892,swe,Sweden,1953,37000,0,0,37000,0,37000,0,0,0,0
7893,swe,Sweden,1954,33000,0,0,33000,0,33000,0,0,0,0
7894,swe,Sweden,1955,28000,0,0,28000,0,28000,0,0,0,0
7895,swe,Sweden,1956,31000,0,0,31000,0,31000,0,0,0,0
7896,swe,Sweden,1957,33000,0,0,33000,0,33000,0,0,0,0
7897,swe,Sweden,1958,31000,0,0,31000,0,31000,0,0,0,0
7898,swe,Sweden,1959,28000,0,0,28000,0,28000,0,0,0,0
7899,swe,Sweden,1960,26000,0,0,26000,0,26000,0,0,0,0
7900,swe,Sweden,1961,26000,0,0,26000,0,26000,0,0,0,0
7901,swe,Sweden,1962,26000,0,0,26000,0,26000,0,0,0,0
7902,swe,Sweden,1963,26000,0,0,26000,0,26000,0,0,0,0
7903,swe,Sweden,1964,24000,0,0,24000,0,24000,0,0,0,0
7904,swe,Sweden,1965,22000,0,0,22000,0,22000,0,0,0,0
7905,swe,Sweden,1966,20000,0,0,20000,0,20000,0,0,0,0
7906,swe,Sweden,1967,18000,0,0,18000,0,18000,0,0,0,0
7907,swe,Sweden,1968,17000,0,0,17000,0,17000,0,0,0,0
7908,swe,Sweden,1969,17000,0,0,17000,0,17000,0,0,0,0
7909,swe,Sweden,1970,20000,0,0,20000,0,20000,0,0,0,0
7910,swe,Sweden,1971,20000,0,0,20000,0,20000,0,0,0,0
7911,swe,Sweden,1972,20000,0,0,20000,0,20000,0,0,0,0
7912,swe,Sweden,1973,20000,0,0,20000,0,20000,0,0,0,0
7913,swe,Sweden,1974,20000,0,0,20000,0,20000,0,0,0,0
7914,swe,Sweden,1975,20000,0,0,20000,0,20000,0,0,0,0
7915,swe,Sweden,1976,20000,0,0,20000,0,20000,0,0,0,0
7916,swe,Sweden,1977,20000,0,0,20000,0,20000,0,0,0,0
7917,swe,Sweden,1978,20000,0,0,20000,0,20000,0,0,0,0
7918,swe,Sweden,1979,20000,0,0,20000,0,20000,0,0,0,0
7919,swe,Sweden,1980,20000,0,0,20000,0,20000,0,0,0,0
7920,swe,Sweden,1981,20000,0,0,20000,0,20000,0,0,0,0
7921,swe,Sweden,1982,20000,0,0,20000,0,20000,0,0,0,0
7922,swe,Sweden,1983,43000,0,0,43000,0,43000,0,0,0,0
7923,swe,Sweden,1984,90600,0,0,90600,0,90600,0,0,0,0
7924,swe,Sweden,1985,90600,0,0,90600,0,90600,0,0,0,0
7925,swe,Sweden,1986,120000,0,0,120000,0,120000,0,0,0,0
7926,swe,Sweden,1987,130000,0,0,130000,0,130000,0,0,0,0
7927,swe,Sweden,1988,139783,0,0,139783,0,139783,0,0,0,0
7928,swe,Sweden,1989,139783,0,0,139783,0,139783,0,0,0,0
7929,swe,Sweden,1990,109654,0,0,109654,0,109654,0,0,0,0
7930,swe,Sweden,1991,124457,0,0,124457,0,124457,0,0,0,0
7931,swe,Sweden,1992,131069,0,0,131069,0,131069,0,0,0,0
7932,swe,Sweden,1993,162386,0,0,162386,0,162386,0,0,0,0
7933,swe,Sweden,1994,200774,0,0,200774,0,200774,11,0,11,11
7934,swe,Sweden,1995,199194,0,0,199194,0,199194,25,0,25,25
7935,swe,Sweden,1996,191159,0,0,191159,0,191159,37,0,37,37
7936,swe,Sweden,1997,186719,0,0,186719,0,186719,39,0,39,39
7937,swe,Sweden,1998,178782,0,0,178782,0,178782,39,0,39,39
7938,swe,Sweden,1999,159504,0,0,159504,0,159504,30,0,30,30
7939,swe,Sweden,2000,157206,10800,0,168006,0,168006,17,5,22,22
7940,swe,Sweden,2001,146480,17600,0,164080,0,164080,5,8,13,13
7941,swe,Sweden,2002,142170,33277,0,175447,0,175447,27,15,42,42
7942,swe,Sweden,2003,112148,35250,0,147398,0,147398,35,24,59,59
7943,swe,Sweden,2004,73383,28006,0,101389,0,101389,30,7,37,37
7944,swe,Sweden,2005,74889,15670,0,90559,0,90559,75,10,85,85
7945,swe,Sweden,2006,79895,17384,0,97279,0,97279,16,17,33,33
7946,swe,Sweden,2007,75055,27686,0,102741,0,102741,17,5,22,22
7947,swe,Sweden,2008,77016,24075,0,101091,0,101091,16,14,30,30
7948,swe,Sweden,2009,81346,18932,0,100278,0,100278,15,12,27,27
7949,swe,Sweden,2010,82620,18606,0,101226,0,101226,23,28,51,51
7950,swe,Sweden,2011,86603,18106,0,104709,0,104709,23,18,41,41
7951,swe,Sweden,2012,92869,22830,0,115699,0,115699,21,41,62,62
7952,swe,Sweden,2013,114172,27705,0,141877,0,141877,18,10,28,28
7953,swe,Sweden,2014,142197,56748,0,198945,0,198945,18,10,28,28
7954,swe,Sweden,2015,169516,157017,0,326533,0,326533,18,15,33,33
7955,swe,Sweden,2016,230158,83040,0,313198,0,313198,13,17,30,30
7956,swe,Sweden,2017,240954,51588,0,292542,0,292542,14,18,32,32
7957,swe,Sweden,2018,248210,37892,0,286102,0,286102,16,29,45,45
7958,swe,Sweden,2019,253787,28006,0,281793,0,281793,13,35,48,48
7959,swe,Sweden,2020,248372,18603,0,266975,0,266975,8,35,43,43
7960,swe,Sweden,2021,240854,13954,0,254808,0,254808,9,43,52,52
7961,swe,Sweden,2022,277726,14469,0,292195,0,292195,23,82,105,105
7962,swe,Sweden,2023,258117,12546,0,270663,0,270663,19,168,187,187
7963,che,Switzerland,1951,10000,0,0,10000,0,10000,0,0,0,0
7964,che,Switzerland,1952,9800,0,0,9800,0,9800,0,0,0,0
7965,che,Switzerland,1953,9500,0,0,9500,0,9500,0,0,0,0
7966,che,Switzerland,1954,9400,0,0,9400,0,9400,0,0,0,0
7967,che,Switzerland,1955,9200,0,0,9200,0,9200,0,0,0,0
7968,che,Switzerland,1956,20700,0,0,20700,0,20700,0,0,0,0
7969,che,Switzerland,1957,20500,0,0,20500,0,20500,0,0,0,0
7970,che,Switzerland,1958,20000,0,0,20000,0,20000,0,0,0,0
7971,che,Switzerland,1959,20000,0,0,20000,0,20000,0,0,0,0
7972,che,Switzerland,1960,20000,0,0,20000,0,20000,0,0,0,0
7973,che,Switzerland,1961,20000,0,0,20000,0,20000,0,0,0,0
7974,che,Switzerland,1962,20000,0,0,20000,0,20000,0,0,0,0
7975,che,Switzerland,1963,20000,0,0,20000,0,20000,0,0,0,0
7976,che,Switzerland,1964,20000,0,0,20000,0,20000,0,0,0,0
7977,che,Switzerland,1965,20000,0,0,20000,0,20000,0,0,0,0
7978,che,Switzerland,1966,20500,0,0,20500,0,20500,0,0,0,0
7979,che,Switzerland,1967,21000,0,0,21000,0,21000,0,0,0,0
7980,che,Switzerland,1968,26000,0,0,26000,0,26000,0,0,0,0
7981,che,Switzerland,1969,30000,0,0,30000,0,30000,0,0,0,0
7982,che,Switzerland,1970,31000,0,0,31000,0,31000,0,0,0,0
7983,che,Switzerland,1971,30000,0,0,30000,0,30000,0,0,0,0
7984,che,Switzerland,1972,35000,0,0,35000,0,35000,0,0,0,0
7985,che,Switzerland,1973,35000,0,0,35000,0,35000,0,0,0,0
7986,che,Switzerland,1974,35000,0,0,35000,0,35000,0,0,0,0
7987,che,Switzerland,1975,35000,0,0,35000,0,35000,0,0,0,0
7988,che,Switzerland,1976,35000,0,0,35000,0,35000,0,0,0,0
7989,che,Switzerland,1977,30000,0,0,30000,0,30000,0,0,0,0
7990,che,Switzerland,1978,30000,0,0,30000,0,30000,0,0,0,0
7991,che,Switzerland,1979,30000,0,0,30000,0,30000,0,0,0,0
7992,che,Switzerland,1980,32000,0,0,32000,0,32000,0,0,0,0
7993,che,Switzerland,1981,40000,0,0,40000,0,40000,0,0,0,0
7994,che,Switzerland,1982,33404,0,0,33404,0,33404,0,0,0,0
7995,che,Switzerland,1983,32312,0,0,32312,0,32312,0,0,0,0
7996,che,Switzerland,1984,31201,0,0,31201,0,31201,0,0,0,0
7997,che,Switzerland,1985,30726,0,0,30726,0,30726,0,0,0,0
7998,che,Switzerland,1986,31343,0,0,31343,0,31343,0,0,0,0
7999,che,Switzerland,1987,31707,0,0,31707,0,31707,0,0,0,0
8000,che,Switzerland,1988,31949,0,0,31949,0,31949,0,0,0,0
8001,che,Switzerland,1989,36763,0,0,36763,0,36763,0,0,0,0
8002,che,Switzerland,1990,40943,0,0,40943,0,40943,0,0,0,0
8003,che,Switzerland,1991,45622,0,0,45622,0,45622,0,0,0,0
8004,che,Switzerland,1992,51930,0,0,51930,0,51930,0,0,0,0
8005,che,Switzerland,1993,56586,0,0,56586,0,56586,0,0,0,0
8006,che,Switzerland,1994,75295,0,0,75295,0,75295,8,0,8,8
8007,che,Switzerland,1995,82943,0,0,82943,0,82943,27,0,27,27
8008,che,Switzerland,1996,84413,0,0,84413,0,84413,32,0,32,32
8009,che,Switzerland,1997,83205,0,0,83205,0,83205,54,0,54,54
8010,che,Switzerland,1998,81875,0,0,81875,0,81875,76,0,76,76
8011,che,Switzerland,1999,82273,0,0,82273,0,82273,90,0,90,90
8012,che,Switzerland,2000,57624,27454,0,85078,0,85078,69,0,69,69
8013,che,Switzerland,2001,58471,25637,0,84108,0,84108,60,0,60,60
8014,che,Switzerland,2002,54081,28080,0,82161,0,82161,55,5,60,60
8015,che,Switzerland,2003,50126,24529,0,74655,0,74655,34,0,34,34
8016,che,Switzerland,2004,47654,18616,0,66270,0,66270,11,0,11,11
8017,che,Switzerland,2005,48010,14405,0,62415,0,62415,14,0,14,14
8018,che,Switzerland,2006,48508,12374,0,60882,0,60882,38,0,38,38
8019,che,Switzerland,2007,45642,10729,0,56371,0,56371,33,0,33,33
8020,che,Switzerland,2008,46131,17155,0,63286,0,63286,32,0,32,32
8021,che,Switzerland,2009,46204,17127,0,63331,0,63331,19,5,24,24
8022,che,Switzerland,2010,48813,12884,0,61697,0,61697,20,0,20,20
8023,che,Switzerland,2011,50401,16893,0,67294,0,67294,20,0,20,20
8024,che,Switzerland,2012,50733,21670,0,72403,0,72403,16,5,21,21
8025,che,Switzerland,2013,52448,22087,0,74535,0,74535,11,0,11,11
8026,che,Switzerland,2014,62596,20805,0,83401,0,83401,16,0,16,16
8027,che,Switzerland,2015,73326,32691,0,106017,0,106017,16,0,16,16
8028,che,Switzerland,2016,82668,30778,0,113446,0,113446,5,10,15,15
8029,che,Switzerland,2017,93030,23728,0,116758,0,116758,5,10,15,15
8030,che,Switzerland,2018,104011,14776,0,118787,0,118787,5,13,18,18
8031,che,Switzerland,2019,110162,11200,0,121362,0,121362,5,20,25,25
8032,che,Switzerland,2020,115798,6547,0,122345,0,122345,5,16,21,21
8033,che,Switzerland,2021,118829,7109,0,125938,0,125938,0,21,21,21
8034,che,Switzerland,2022,182474,14904,0,197378,0,197378,8,27,35,35
8035,che,Switzerland,2023,189100,14986,0,204086,0,204086,0,26,26,26
8036,syr,Syria,1968,0,0,0,0,0,0,1200,0,1200,1200
8037,syr,Syria,1969,0,0,0,0,0,0,1200,0,1200,1200
8038,syr,Syria,1970,0,0,0,0,0,0,0,0,0,0
8039,syr,Syria,1971,0,0,0,0,0,0,0,0,0,0
8040,syr,Syria,1972,0,0,0,0,0,0,0,0,0,0
8041,syr,Syria,1973,0,0,0,0,0,0,0,0,0,0
8042,syr,Syria,1974,0,0,0,0,0,0,0,0,0,0
8043,syr,Syria,1975,0,0,0,0,0,0,0,0,0,0
8044,syr,Syria,1976,0,0,0,0,0,0,0,0,0,0
8045,syr,Syria,1977,0,0,0,0,0,0,0,0,0,0
8046,syr,Syria,1978,170,0,0,170,0,170,0,0,0,0
8047,syr,Syria,1979,200,0,0,200,0,200,500,0,500,500
8048,syr,Syria,1980,350,0,0,350,0,350,500,0,500,500
8049,syr,Syria,1981,1050,0,0,1050,0,1050,505,0,505,505
8050,syr,Syria,1982,26570,0,0,26570,0,26570,505,0,505,505
8051,syr,Syria,1983,40490,0,0,40490,0,40490,526,0,526,526
8052,syr,Syria,1984,34230,0,0,34230,0,34230,529,0,529,529
8053,syr,Syria,1985,47750,0,0,47750,0,47750,2599,0,2599,2599
8054,syr,Syria,1986,1330,0,0,1330,0,1330,534,0,534,534
8055,syr,Syria,1987,0,0,0,0,0,0,20,0,20,20
8056,syr,Syria,1988,280,0,0,280,0,280,881,0,881,881
8057,syr,Syria,1989,0,0,0,0,0,0,397,0,397,397
8058,syr,Syria,1990,4125,0,0,4125,0,4125,2148,0,2148,2148
8059,syr,Syria,1991,4210,0,0,4210,0,4210,3037,0,3037,3037
8060,syr,Syria,1992,6310,0,0,6310,0,6310,4408,0,4408,4408
8061,syr,Syria,1993,38710,0,0,38710,0,38710,5412,0,5412,5412
8062,syr,Syria,1994,40285,0,0,40285,0,40285,7087,0,7087,7087
8063,syr,Syria,1995,36222,0,0,36222,0,36222,7995,0,7995,7995
8064,syr,Syria,1996,27758,0,0,27758,0,27758,8611,0,8611,8611
8065,syr,Syria,1997,22705,0,0,22705,0,22705,8653,0,8653,8653
8066,syr,Syria,1998,20969,0,0,20969,0,20969,8132,0,8132,8132
8067,syr,Syria,1999,6464,0,0,6464,0,6464,6693,0,6693,6693
8068,syr,Syria,2000,3461,2638,0,6099,0,6099,5868,3730,9598,9598
8069,syr,Syria,2001,3348,598,0,3946,0,3946,4861,3853,8714,8714
8070,syr,Syria,2002,2914,489,0,3403,0,3403,18908,4264,23172,23172
8071,syr,Syria,2003,3676,931,0,4607,0,4607,20816,3548,24364,24364
8072,syr,Syria,2004,15600,771,0,16371,0,16371,21430,3781,25211,25211
8073,syr,Syria,2005,26087,1888,0,27975,0,27975,16395,6992,23387,23387
8074,syr,Syria,2006,702202,5187,0,707389,0,707389,12327,7493,19820,19820
8075,syr,Syria,2007,1503767,5862,0,1509629,0,1509629,13684,6849,20533,20533
8076,syr,Syria,2008,1105693,2237,0,1107930,0,1107930,15206,5978,21184,21184
8077,syr,Syria,2009,1054464,3054,0,1057518,0,1057518,17915,5559,23474,23474
8078,syr,Syria,2010,1005471,2435,0,1007906,0,1007906,18451,9739,28190,28190
8079,syr,Syria,2011,755435,1813,0,757248,0,757248,19931,14441,34372,34372
8080,syr,Syria,2012,476496,2216,0,478712,2016500,2495212,729011,26016,755027,2771527
8081,syr,Syria,2013,149286,2480,0,151766,6520800,6672566,2468323,41019,2509342,9030142
8082,syr,Syria,2014,149135,2747,0,151882,7632500,7784382,3887490,79649,3967139,11599639
8083,syr,Syria,2015,21112,5248,0,26360,6563462,6589822,4873236,245857,5119093,11682555
8084,syr,Syria,2016,19807,12484,0,32291,6325978,6358269,5524511,184337,5708848,12034826
8085,syr,Syria,2017,19425,18098,0,37523,6150005,6187528,6310498,147179,6457677,12607682
8086,syr,Syria,2018,18817,18631,0,37448,6183920,6221368,6654374,139576,6793950,12977870
8087,syr,Syria,2019,16213,12065,0,28278,6146994,6175272,6615249,118450,6733699,12880693
8088,syr,Syria,2020,15304,8769,0,24073,6701972,6726045,6702910,107085,6809995,13511967
8089,syr,Syria,2021,14308,8765,0,23073,6865308,6888381,6848865,139754,6988619,13853927
8090,syr,Syria,2022,13121,5538,0,18659,6780994,6799653,6559736,156616,6716352,13497346
8091,syr,Syria,2023,13024,5832,0,18856,6673353,6692209,6494141,160209,6654350,13327703
8092,tjk,Tajikistan,1992,3000,0,0,3000,0,3000,60008,0,60008,60008
8093,tjk,Tajikistan,1993,300,0,0,300,520000,520300,70108,0,70108,590108
8094,tjk,Tajikistan,1994,695,0,0,695,16000,16695,57143,0,57143,73143
8095,tjk,Tajikistan,1995,620,0,0,620,16700,17320,58960,0,58960,75660
8096,tjk,Tajikistan,1996,1166,0,0,1166,25285,26451,107508,0,107508,132793
8097,tjk,Tajikistan,1997,2176,0,0,2176,0,2176,75880,0,75880,75880
8098,tjk,Tajikistan,1998,3634,0,0,3634,0,3634,56350,0,56350,56350
8099,tjk,Tajikistan,1999,4541,0,0,4541,0,4541,45166,0,45166,45166
8100,tjk,Tajikistan,2000,15364,233,0,15597,0,15597,59937,635,60572,60572
8101,tjk,Tajikistan,2001,15346,381,0,15727,0,15727,56107,394,56501,56501
8102,tjk,Tajikistan,2002,3437,365,0,3802,0,3802,63264,217,63481,63481
8103,tjk,Tajikistan,2003,3304,433,0,3737,0,3737,58935,200,59135,59135
8104,tjk,Tajikistan,2004,1835,458,0,2293,0,2293,56776,157,56933,56933
8105,tjk,Tajikistan,2005,1020,22,0,1042,0,1042,54753,152,54905,54905
8106,tjk,Tajikistan,2006,930,238,0,1168,0,1168,646,119,765,765
8107,tjk,Tajikistan,2007,1136,142,0,1278,0,1278,887,93,980,980
8108,tjk,Tajikistan,2008,1800,41,0,1841,0,1841,541,140,681,681
8109,tjk,Tajikistan,2009,2678,1510,0,4188,0,4188,556,260,816,816
8110,tjk,Tajikistan,2010,3131,1654,0,4785,0,4785,573,324,897,897
8111,tjk,Tajikistan,2011,3322,2026,0,5348,0,5348,604,371,975,975
8112,tjk,Tajikistan,2012,2248,2140,0,4388,0,4388,669,445,1114,1114
8113,tjk,Tajikistan,2013,2050,2270,0,4320,0,4320,657,604,1261,1261
8114,tjk,Tajikistan,2014,2027,123,0,2150,0,2150,722,838,1560,1560
8115,tjk,Tajikistan,2015,1963,286,0,2249,0,2249,790,1451,2241,2241
8116,tjk,Tajikistan,2016,2724,431,0,3155,0,3155,932,3198,4130,4130
8117,tjk,Tajikistan,2017,2521,440,0,2961,0,2961,1369,3617,4986,4986
8118,tjk,Tajikistan,2018,2654,315,0,2969,0,2969,1695,3192,4887,4887
8119,tjk,Tajikistan,2019,3788,1413,0,5201,0,5201,1987,2661,4648,4648
8120,tjk,Tajikistan,2020,5578,408,0,5986,0,5986,2219,2459,4678,4678
8121,tjk,Tajikistan,2021,10724,3046,0,13770,0,13770,2412,2023,4435,4435
8122,tjk,Tajikistan,2022,8608,1113,0,9721,0,9721,2951,3646,6597,6597
8123,tjk,Tajikistan,2023,8177,1056,0,9233,0,9233,3679,4197,7876,7876
8124,tza,Tanzania,1961,12000,0,0,12000,0,12000,0,0,0,0
8125,tza,Tanzania,1962,12000,0,0,12000,0,12000,0,0,0,0
8126,tza,Tanzania,1963,12000,0,0,12000,0,12000,0,0,0,0
8127,tza,Tanzania,1964,25000,0,0,25000,0,25000,0,0,0,0
8128,tza,Tanzania,1965,29000,0,0,29000,0,29000,0,0,0,0
8129,tza,Tanzania,1966,33950,0,0,33950,0,33950,0,0,0,0
8130,tza,Tanzania,1967,39800,0,0,39800,0,39800,0,0,0,0
8131,tza,Tanzania,1968,46000,0,0,46000,0,46000,0,0,0,0
8132,tza,Tanzania,1969,54550,0,0,54550,0,54550,0,0,0,0
8133,tza,Tanzania,1970,71500,0,0,71500,0,71500,0,0,0,0
8134,tza,Tanzania,1971,71240,0,0,71240,0,71240,0,0,0,0
8135,tza,Tanzania,1972,165000,0,0,165000,0,165000,0,0,0,0
8136,tza,Tanzania,1973,180860,0,0,180860,0,180860,0,0,0,0
8137,tza,Tanzania,1974,193190,0,0,193190,0,193190,320,0,320,320
8138,tza,Tanzania,1975,171160,0,0,171160,0,171160,0,0,0,0
8139,tza,Tanzania,1976,154000,0,0,154000,0,154000,90,0,90,90
8140,tza,Tanzania,1977,164610,0,0,164610,0,164610,300,0,300,300
8141,tza,Tanzania,1978,160960,0,0,160960,0,160960,300,0,300,300
8142,tza,Tanzania,1979,160820,0,0,160820,0,160820,600,0,600,600
8143,tza,Tanzania,1980,159610,0,0,159610,0,159610,300,0,300,300
8144,tza,Tanzania,1981,164180,0,0,164180,0,164180,3000,0,3000,3000
8145,tza,Tanzania,1982,158960,0,0,158960,0,158960,500,0,500,500
8146,tza,Tanzania,1983,180100,0,0,180100,0,180100,500,0,500,500
8147,tza,Tanzania,1984,179910,0,0,179910,0,179910,500,0,500,500
8148,tza,Tanzania,1985,214480,0,0,214480,0,214480,0,0,0,0
8149,tza,Tanzania,1986,223500,0,0,223500,0,223500,0,0,0,0
8150,tza,Tanzania,1987,266200,0,0,266200,0,266200,2000,0,2000,2000
8151,tza,Tanzania,1988,265154,0,0,265154,0,265154,5,0,5,5
8152,tza,Tanzania,1989,265128,0,0,265128,0,265128,10,0,10,10
8153,tza,Tanzania,1990,265184,0,0,265184,0,265184,10,0,10,10
8154,tza,Tanzania,1991,288103,0,0,288103,0,288103,13,0,13,13
8155,tza,Tanzania,1992,292148,0,0,292148,0,292148,19,0,19,19
8156,tza,Tanzania,1993,564520,0,0,564520,0,564520,32,0,32,32
8157,tza,Tanzania,1994,883250,0,0,883250,0,883250,62,0,62,62
8158,tza,Tanzania,1995,829671,0,0,829671,0,829671,69,0,69,69
8159,tza,Tanzania,1996,498732,0,0,498732,0,498732,66,0,66,66
8160,tza,Tanzania,1997,570367,0,0,570367,0,570367,59,0,59,59
8161,tza,Tanzania,1998,543881,0,0,543881,0,543881,100,0,100,100
8162,tza,Tanzania,1999,622203,0,0,622203,0,622203,117,0,117,117
8163,tza,Tanzania,2000,680862,21418,0,702280,0,702280,310,801,1111,1111
8164,tza,Tanzania,2001,646899,21327,0,668226,0,668226,369,807,1176,1176
8165,tza,Tanzania,2002,689373,165,0,689538,0,689538,578,2485,3063,3063
8166,tza,Tanzania,2003,649770,161,0,649931,0,649931,703,3562,4265,4265
8167,tza,Tanzania,2004,602088,161,0,602249,0,602249,982,4339,5321,5321
8168,tza,Tanzania,2005,548824,301,0,549125,0,549125,1542,5236,6778,6778
8169,tza,Tanzania,2006,485295,376,0,485671,0,485671,1665,205,1870,1870
8170,tza,Tanzania,2007,435630,309,0,435939,0,435939,1250,2906,4156,4156
8171,tza,Tanzania,2008,321908,255,0,322163,0,322163,1262,2898,4160,4160
8172,tza,Tanzania,2009,118731,843,0,119574,0,119574,1191,204,1395,1395
8173,tza,Tanzania,2010,109286,1246,0,110532,0,110532,1135,194,1329,1329
8174,tza,Tanzania,2011,131243,707,0,131950,0,131950,1154,553,1707,1707
8175,tza,Tanzania,2012,101021,521,0,101542,0,101542,1109,807,1916,1916
8176,tza,Tanzania,2013,102099,407,0,102506,0,102506,1033,1017,2050,2050
8177,tza,Tanzania,2014,88492,883,0,89375,0,89375,843,1056,1899,1899
8178,tza,Tanzania,2015,211845,2150,0,213995,0,213995,810,1577,2387,2387
8179,tza,Tanzania,2016,281498,8539,0,290037,0,290037,579,1215,1794,1794
8180,tza,Tanzania,2017,308528,44172,0,352700,0,352700,655,1455,2110,2110
8181,tza,Tanzania,2018,278322,39659,0,317981,0,317981,723,1659,2382,2382
8182,tza,Tanzania,2019,242171,29554,0,271725,0,271725,695,1963,2658,2658
8183,tza,Tanzania,2020,234645,28748,0,263393,0,263393,689,1900,2589,2589
8184,tza,Tanzania,2021,207101,27769,0,234870,0,234870,752,1841,2593,2593
8185,tza,Tanzania,2022,206229,28745,0,234974,0,234974,790,1916,2706,2706
8186,tza,Tanzania,2023,203605,38643,0,242248,0,242248,852,2276,3128,3128
8187,tha,Thailand,1975,75760,0,0,75760,0,75760,0,0,0,0
8188,tha,Thailand,1976,82870,0,0,82870,0,82870,0,0,0,0
8189,tha,Thailand,1977,97600,0,0,97600,0,97600,0,0,0,0
8190,tha,Thailand,1978,138950,0,0,138950,0,138950,0,0,0,0
8191,tha,Thailand,1979,151620,0,0,151620,0,151620,0,0,0,0
8192,tha,Thailand,1980,261360,0,0,261360,0,261360,0,0,0,0
8193,tha,Thailand,1981,192990,0,0,192990,0,192990,0,0,0,0
8194,tha,Thailand,1982,168980,0,0,168980,0,168980,0,0,0,0
8195,tha,Thailand,1983,144320,0,0,144320,0,144320,0,0,0,0
8196,tha,Thailand,1984,128500,0,0,128500,0,128500,0,0,0,0
8197,tha,Thailand,1985,130420,0,0,130420,0,130420,0,0,0,0
8198,tha,Thailand,1986,119920,0,0,119920,0,119920,0,0,0,0
8199,tha,Thailand,1987,112740,0,0,112740,0,112740,0,0,0,0
8200,tha,Thailand,1988,107799,0,0,107799,0,107799,0,0,0,0
8201,tha,Thailand,1989,99935,0,0,99935,0,99935,0,0,0,0
8202,tha,Thailand,1990,99821,0,0,99821,0,99821,18,0,18,18
8203,tha,Thailand,1991,88164,0,0,88164,0,88164,29,0,29,29
8204,tha,Thailand,1992,63625,0,0,63625,0,63625,33,0,33,33
8205,tha,Thailand,1993,119232,0,0,119232,0,119232,33,0,33,33
8206,tha,Thailand,1994,100817,0,0,100817,0,100817,135,0,135,135
8207,tha,Thailand,1995,106565,0,0,106565,0,106565,209,0,209,209
8208,tha,Thailand,1996,107962,0,0,107962,0,107962,282,0,282,282
8209,tha,Thailand,1997,169154,0,0,169154,0,169154,268,0,268,268
8210,tha,Thailand,1998,138334,0,0,138334,0,138334,290,0,290,290
8211,tha,Thailand,1999,100133,0,0,100133,0,100133,315,0,315,315
8212,tha,Thailand,2000,104966,360,0,105326,0,105326,213,139,352,352
8213,tha,Thailand,2001,110711,343,0,111054,0,111054,90,156,246,246
8214,tha,Thailand,2002,112614,1051,0,113665,0,113665,342,250,592,592
8215,tha,Thailand,2003,119056,2645,0,121701,0,121701,295,155,450,450
8216,tha,Thailand,2004,121145,1038,0,122183,0,122183,320,90,410,410
8217,tha,Thailand,2005,117050,32137,0,149187,0,149187,424,214,638,638
8218,tha,Thailand,2006,133107,18406,0,151513,0,151513,3323,201,3524,3524
8219,tha,Thailand,2007,125627,13471,0,139098,0,139098,2322,363,2685,2685
8220,tha,Thailand,2008,112916,12563,0,125479,0,125479,1811,406,2217,2217
8221,tha,Thailand,2009,105286,10245,0,115531,0,115531,498,392,890,890
8222,tha,Thailand,2010,96666,10233,0,106899,0,106899,351,217,568,568
8223,tha,Thailand,2011,89245,13331,0,102576,0,102576,365,175,540,540
8224,tha,Thailand,2012,84475,14554,0,99029,0,99029,378,172,550,550
8225,tha,Thailand,2013,136489,4685,0,141174,0,141174,220,173,393,393
8226,tha,Thailand,2014,130227,7917,0,138144,0,138144,223,410,633,633
8227,tha,Thailand,2015,108252,8248,0,116500,0,116500,209,833,1042,1042
8228,tha,Thailand,2016,106431,4986,0,111417,0,111417,147,950,1097,1097
8229,tha,Thailand,2017,104605,2046,0,106651,0,106651,164,1333,1497,1497
8230,tha,Thailand,2018,102234,934,0,103168,0,103168,183,2792,2975,2975
8231,tha,Thailand,2019,97556,837,0,98393,0,98393,173,3531,3704,3704
8232,tha,Thailand,2020,96179,852,0,97031,0,97031,174,3760,3934,3934
8233,tha,Thailand,2021,100510,677,0,101187,0,101187,181,3230,3411,3411
8234,tha,Thailand,2022,94472,926,0,95398,0,95398,210,3203,3413,3413
8235,tha,Thailand,2023,94938,1161,0,96099,0,96099,218,3318,3536,3536
8236,tls,Timor-Leste,1999,0,0,0,0,0,0,162472,0,162472,162472
8237,tls,Timor-Leste,2000,0,0,0,0,0,0,122202,19,122221,122221
8238,tls,Timor-Leste,2001,0,6,0,6,0,6,73042,20,73062,73062
8239,tls,Timor-Leste,2002,0,5,0,5,0,5,28097,513,28610,28610
8240,tls,Timor-Leste,2003,0,12,0,12,0,12,127,5,132,132
8241,tls,Timor-Leste,2004,0,8,0,8,0,8,221,0,221,221
8242,tls,Timor-Leste,2005,0,8,0,8,0,8,251,0,251,251
8243,tls,Timor-Leste,2006,0,0,0,0,155231,155231,251,8,259,155490
8244,tls,Timor-Leste,2007,0,0,0,0,62625,62625,6,0,6,62631
8245,tls,Timor-Leste,2008,0,12,0,12,15860,15872,7,0,7,15867
8246,tls,Timor-Leste,2009,0,5,0,5,0,5,7,0,7,7
8247,tls,Timor-Leste,2010,0,0,0,0,0,0,8,0,8,8
8248,tls,Timor-Leste,2011,0,0,0,0,0,0,8,0,8,8
8249,tls,Timor-Leste,2012,0,0,0,0,0,0,8,6,14,14
8250,tls,Timor-Leste,2013,0,0,0,0,0,0,8,10,18,18
8251,tls,Timor-Leste,2014,0,0,0,0,0,0,13,7,20,20
8252,tls,Timor-Leste,2015,0,0,0,0,0,0,19,5,24,24
8253,tls,Timor-Leste,2016,0,0,0,0,0,0,19,0,19,19
8254,tls,Timor-Leste,2017,0,0,0,0,0,0,13,5,18,18
8255,tls,Timor-Leste,2018,0,0,0,0,0,0,12,10,22,22
8256,tls,Timor-Leste,2019,0,0,0,0,0,0,17,41,58,58
8257,tls,Timor-Leste,2020,0,0,0,0,0,0,11,324,335,335
8258,tls,Timor-Leste,2021,0,0,0,0,0,0,11,368,379,379
8259,tls,Timor-Leste,2022,0,0,0,0,0,0,6,690,696,696
8260,tls,Timor-Leste,2023,0,0,0,0,0,0,6,693,699,699
8261,tgo,Togo,1961,5000,0,0,5000,0,5000,0,0,0,0
8262,tgo,Togo,1962,5000,0,0,5000,0,5000,0,0,0,0
8263,tgo,Togo,1963,5000,0,0,5000,0,5000,0,0,0,0
8264,tgo,Togo,1964,5000,0,0,5000,0,5000,0,0,0,0
8265,tgo,Togo,1965,5000,0,0,5000,0,5000,0,0,0,0
8266,tgo,Togo,1966,0,0,0,0,0,0,0,0,0,0
8267,tgo,Togo,1967,0,0,0,0,0,0,0,0,0,0
8268,tgo,Togo,1968,0,0,0,0,0,0,0,0,0,0
8269,tgo,Togo,1969,200,0,0,200,0,200,0,0,0,0
8270,tgo,Togo,1970,0,0,0,0,0,0,0,0,0,0
8271,tgo,Togo,1971,0,0,0,0,0,0,0,0,0,0
8272,tgo,Togo,1972,0,0,0,0,0,0,0,0,0,0
8273,tgo,Togo,1973,0,0,0,0,0,0,0,0,0,0
8274,tgo,Togo,1974,0,0,0,0,0,0,0,0,0,0
8275,tgo,Togo,1975,0,0,0,0,0,0,0,0,0,0
8276,tgo,Togo,1976,100,0,0,100,0,100,0,0,0,0
8277,tgo,Togo,1977,0,0,0,0,0,0,0,0,0,0
8278,tgo,Togo,1978,0,0,0,0,0,0,0,0,0,0
8279,tgo,Togo,1979,0,0,0,0,0,0,0,0,0,0
8280,tgo,Togo,1980,0,0,0,0,0,0,0,0,0,0
8281,tgo,Togo,1981,0,0,0,0,0,0,0,0,0,0
8282,tgo,Togo,1982,200,0,0,200,0,200,0,0,0,0
8283,tgo,Togo,1983,1770,0,0,1770,0,1770,0,0,0,0
8284,tgo,Togo,1984,1800,0,0,1800,0,1800,0,0,0,0
8285,tgo,Togo,1985,3050,0,0,3050,0,3050,5,0,5,5
8286,tgo,Togo,1986,2610,0,0,2610,0,2610,5,0,5,5
8287,tgo,Togo,1987,3460,0,0,3460,0,3460,5,0,5,5
8288,tgo,Togo,1988,3422,0,0,3422,0,3422,5,0,5,5
8289,tgo,Togo,1989,3401,0,0,3401,0,3401,5,0,5,5
8290,tgo,Togo,1990,3477,0,0,3477,0,3477,5,0,5,5
8291,tgo,Togo,1991,3406,0,0,3406,0,3406,17,0,17,17
8292,tgo,Togo,1992,3353,0,0,3353,0,3353,105,0,105,105
8293,tgo,Togo,1993,3280,0,0,3280,0,3280,291055,0,291055,291055
8294,tgo,Togo,1994,12367,0,0,12367,0,12367,167866,0,167866,167866
8295,tgo,Togo,1995,10877,0,0,10877,0,10877,93152,0,93152,93152
8296,tgo,Togo,1996,12588,0,0,12588,0,12588,25587,0,25587,25587
8297,tgo,Togo,1997,12682,0,0,12682,0,12682,7182,0,7182,7182
8298,tgo,Togo,1998,11816,0,0,11816,0,11816,3500,0,3500,3500
8299,tgo,Togo,1999,12113,0,0,12113,0,12113,3695,0,3695,3695
8300,tgo,Togo,2000,12223,79,0,12302,0,12302,4022,1277,5299,5299
8301,tgo,Togo,2001,12257,76,0,12333,0,12333,4356,1965,6321,6321
8302,tgo,Togo,2002,12295,118,0,12413,0,12413,10441,2778,13219,13219
8303,tgo,Togo,2003,12396,329,0,12725,0,12725,10609,5721,16330,16330
8304,tgo,Togo,2004,11286,372,0,11658,0,11658,10818,5456,16274,16274
8305,tgo,Togo,2005,9288,407,0,9695,3000,12695,51092,7466,58558,61558
8306,tgo,Togo,2006,6330,434,0,6764,0,6764,27318,6588,33906,33906
8307,tgo,Togo,2007,1330,124,0,1454,0,1454,22481,1301,23782,23782
8308,tgo,Togo,2008,9377,448,0,9825,0,9825,16734,1119,17853,17853
8309,tgo,Togo,2009,8534,148,0,8682,0,8682,18363,959,19322,19322
8310,tgo,Togo,2010,14051,144,0,14195,0,14195,18308,1023,19331,19331
8311,tgo,Togo,2011,19271,375,0,19646,0,19646,17853,2974,20827,20827
8312,tgo,Togo,2012,23539,399,0,23938,0,23938,15683,3018,18701,18701
8313,tgo,Togo,2013,20613,426,0,21039,0,21039,10301,1508,11809,11809
8314,tgo,Togo,2014,21773,710,0,22483,0,22483,9271,1691,10962,10962
8315,tgo,Togo,2015,21949,745,0,22694,0,22694,8774,2128,10902,10902
8316,tgo,Togo,2016,12486,777,0,13263,0,13263,8296,2645,10941,10941
8317,tgo,Togo,2017,12425,744,0,13169,0,13169,8115,3762,11877,11877
8318,tgo,Togo,2018,12335,694,0,13029,0,13029,8029,3546,11575,11575
8319,tgo,Togo,2019,11964,692,0,12656,0,12656,8034,3380,11414,11414
8320,tgo,Togo,2020,10798,660,0,11458,0,11458,7704,3330,11034,11034
8321,tgo,Togo,2021,10683,810,0,11493,0,11493,7985,2984,10969,10969
8322,tgo,Togo,2022,9300,576,0,9876,0,9876,7871,2889,10760,10760
8323,tgo,Togo,2023,18846,13900,0,32746,0,32746,7963,7256,15219,15219
8324,ton,Tonga,1996,0,0,0,0,0,0,5,0,5,5
8325,ton,Tonga,1997,0,0,0,0,0,0,5,0,5,5
8326,ton,Tonga,1998,0,0,0,0,0,0,0,0,0,0
8327,ton,Tonga,1999,0,0,0,0,0,0,0,0,0,0
8328,ton,Tonga,2000,0,0,0,0,0,0,5,22,27,27
8329,ton,Tonga,2001,0,0,0,0,0,0,0,47,47,47
8330,ton,Tonga,2002,0,0,0,0,0,0,7,65,72,72
8331,ton,Tonga,2003,0,0,0,0,0,0,11,38,49,49
8332,ton,Tonga,2004,0,0,0,0,0,0,5,13,18,18
8333,ton,Tonga,2005,0,0,0,0,0,0,0,6,6,6
8334,ton,Tonga,2006,0,0,0,0,0,0,5,14,19,19
8335,ton,Tonga,2007,0,0,0,0,0,0,0,14,14,14
8336,ton,Tonga,2008,0,0,0,0,0,0,5,21,26,26
8337,ton,Tonga,2009,0,0,0,0,0,0,5,21,26,26
8338,ton,Tonga,2010,0,0,0,0,0,0,5,10,15,15
8339,ton,Tonga,2011,0,0,0,0,0,0,7,21,28,28
8340,ton,Tonga,2012,0,0,0,0,0,0,11,39,50,50
8341,ton,Tonga,2013,0,0,0,0,0,0,16,61,77,77
8342,ton,Tonga,2014,0,0,0,0,0,0,19,82,101,101
8343,ton,Tonga,2015,0,0,0,0,0,0,22,62,84,84
8344,ton,Tonga,2016,0,0,0,0,0,0,25,77,102,102
8345,ton,Tonga,2017,0,0,0,0,0,0,34,106,140,140
8346,ton,Tonga,2018,0,0,0,0,0,0,32,170,202,202
8347,ton,Tonga,2019,0,0,0,0,0,0,32,419,451,451
8348,ton,Tonga,2020,0,0,0,0,0,0,31,731,762,762
8349,ton,Tonga,2021,0,0,0,0,0,0,28,816,844,844
8350,ton,Tonga,2022,0,0,0,0,0,0,30,1308,1338,1338
8351,ton,Tonga,2023,0,0,0,0,0,0,40,1311,1351,1351
8352,tto,Trinidad and Tobago,1994,0,0,0,0,0,0,12,0,12,12
8353,tto,Trinidad and Tobago,1995,0,0,0,0,0,0,12,0,12,12
8354,tto,Trinidad and Tobago,1996,0,0,0,0,0,0,17,0,17,17
8355,tto,Trinidad and Tobago,1997,0,0,0,0,0,0,20,0,20,20
8356,tto,Trinidad and Tobago,1998,0,0,0,0,0,0,25,0,25,25
8357,tto,Trinidad and Tobago,1999,0,0,0,0,0,0,24,0,24,24
8358,tto,Trinidad and Tobago,2000,0,0,0,0,0,0,24,117,141,141
8359,tto,Trinidad and Tobago,2001,0,0,0,0,0,0,16,179,195,195
8360,tto,Trinidad and Tobago,2002,0,0,0,0,0,0,35,321,356,356
8361,tto,Trinidad and Tobago,2003,0,0,0,0,0,0,39,288,327,327
8362,tto,Trinidad and Tobago,2004,0,0,0,0,0,0,38,172,210,210
8363,tto,Trinidad and Tobago,2005,0,0,0,0,0,0,61,209,270,270
8364,tto,Trinidad and Tobago,2006,0,0,0,0,0,0,151,158,309,309
8365,tto,Trinidad and Tobago,2007,15,96,0,111,0,111,210,175,385,385
8366,tto,Trinidad and Tobago,2008,36,93,0,129,0,129,228,241,469,469
8367,tto,Trinidad and Tobago,2009,41,192,0,233,0,233,239,271,510,510
8368,tto,Trinidad and Tobago,2010,20,96,0,116,0,116,252,146,398,398
8369,tto,Trinidad and Tobago,2011,15,5,0,20,0,20,296,103,399,399
8370,tto,Trinidad and Tobago,2012,13,0,0,13,0,13,335,90,425,425
8371,tto,Trinidad and Tobago,2013,10,38,0,48,0,48,336,127,463,463
8372,tto,Trinidad and Tobago,2014,76,80,0,156,0,156,371,173,544,544
8373,tto,Trinidad and Tobago,2015,105,87,0,192,0,192,369,195,564,564
8374,tto,Trinidad and Tobago,2016,104,202,0,306,0,306,295,241,536,536
8375,tto,Trinidad and Tobago,2017,282,1975,0,2257,0,2257,310,303,613,613
8376,tto,Trinidad and Tobago,2018,784,9937,31843,42564,0,42564,323,305,628,628
8377,tto,Trinidad and Tobago,2019,2308,17364,7664,27336,0,27336,307,408,715,715
8378,tto,Trinidad and Tobago,2020,3179,19926,4663,27768,0,27768,295,414,709,709
8379,tto,Trinidad and Tobago,2021,3571,21622,8403,33596,0,33596,285,508,793,793
8380,tto,Trinidad and Tobago,2022,3424,20369,14178,37971,0,37971,296,627,923,923
8381,tto,Trinidad and Tobago,2023,3407,24267,10878,38552,0,38552,301,783,1084,1084
8382,tun,Tunisia,1951,2000,0,0,2000,0,2000,0,0,0,0
8383,tun,Tunisia,1952,0,0,0,0,0,0,0,0,0,0
8384,tun,Tunisia,1953,0,0,0,0,0,0,0,0,0,0
8385,tun,Tunisia,1954,2000,0,0,2000,0,2000,0,0,0,0
8386,tun,Tunisia,1955,0,0,0,0,0,0,0,0,0,0
8387,tun,Tunisia,1956,0,0,0,0,0,0,0,0,0,0
8388,tun,Tunisia,1957,0,0,0,0,0,0,0,0,0,0
8389,tun,Tunisia,1958,1000,0,0,1000,0,1000,0,0,0,0
8390,tun,Tunisia,1959,1000,0,0,1000,0,1000,0,0,0,0
8391,tun,Tunisia,1960,1000,0,0,1000,0,1000,0,0,0,0
8392,tun,Tunisia,1961,1000,0,0,1000,0,1000,0,0,0,0
8393,tun,Tunisia,1962,1000,0,0,1000,0,1000,0,0,0,0
8394,tun,Tunisia,1963,1000,0,0,1000,0,1000,0,0,0,0
8395,tun,Tunisia,1964,1000,0,0,1000,0,1000,0,0,0,0
8396,tun,Tunisia,1965,500,0,0,500,0,500,0,0,0,0
8397,tun,Tunisia,1966,0,0,0,0,0,0,0,0,0,0
8398,tun,Tunisia,1967,0,0,0,0,0,0,0,0,0,0
8399,tun,Tunisia,1968,1000,0,0,1000,0,1000,0,0,0,0
8400,tun,Tunisia,1969,0,0,0,0,0,0,0,0,0,0
8401,tun,Tunisia,1970,0,0,0,0,0,0,0,0,0,0
8402,tun,Tunisia,1971,100,0,0,100,0,100,0,0,0,0
8403,tun,Tunisia,1972,0,0,0,0,0,0,0,0,0,0
8404,tun,Tunisia,1973,70,0,0,70,0,70,0,0,0,0
8405,tun,Tunisia,1974,0,0,0,0,0,0,0,0,0,0
8406,tun,Tunisia,1975,0,0,0,0,0,0,0,0,0,0
8407,tun,Tunisia,1976,0,0,0,0,0,0,0,0,0,0
8408,tun,Tunisia,1977,0,0,0,0,0,0,0,0,0,0
8409,tun,Tunisia,1978,0,0,0,0,0,0,0,0,0,0
8410,tun,Tunisia,1979,0,0,0,0,0,0,0,0,0,0
8411,tun,Tunisia,1980,0,0,0,0,0,0,0,0,0,0
8412,tun,Tunisia,1981,0,0,0,0,0,0,0,0,0,0
8413,tun,Tunisia,1982,0,0,0,0,0,0,0,0,0,0
8414,tun,Tunisia,1983,0,0,0,0,0,0,5,0,5,5
8415,tun,Tunisia,1984,0,0,0,0,0,0,6,0,6,6
8416,tun,Tunisia,1985,0,0,0,0,0,0,6,0,6,6
8417,tun,Tunisia,1986,0,0,0,0,0,0,6,0,6,6
8418,tun,Tunisia,1987,0,0,0,0,0,0,6,0,6,6
8419,tun,Tunisia,1988,0,0,0,0,0,0,7,0,7,7
8420,tun,Tunisia,1989,0,0,0,0,0,0,7,0,7,7
8421,tun,Tunisia,1990,30,0,0,30,0,30,40,0,40,40
8422,tun,Tunisia,1991,130,0,0,130,0,130,61,0,61,61
8423,tun,Tunisia,1992,111,0,0,111,0,111,88,0,88,88
8424,tun,Tunisia,1993,99,0,0,99,0,99,106,0,106,106
8425,tun,Tunisia,1994,11,0,0,11,0,11,208,0,208,208
8426,tun,Tunisia,1995,195,0,0,195,0,195,327,0,327,327
8427,tun,Tunisia,1996,172,0,0,172,0,172,410,0,410,410
8428,tun,Tunisia,1997,497,0,0,497,0,497,703,0,703,703
8429,tun,Tunisia,1998,525,0,0,525,0,525,931,0,931,931
8430,tun,Tunisia,1999,444,0,0,444,0,444,1236,0,1236,1236
8431,tun,Tunisia,2000,428,5,0,433,0,433,1205,366,1571,1571
8432,tun,Tunisia,2001,92,17,0,109,0,109,1364,396,1760,1760
8433,tun,Tunisia,2002,93,10,0,103,0,103,2543,432,2975,2975
8434,tun,Tunisia,2003,87,6,0,93,0,93,2562,370,2932,2932
8435,tun,Tunisia,2004,83,5,0,88,0,88,2511,343,2854,2854
8436,tun,Tunisia,2005,81,28,0,109,0,109,3120,357,3477,3477
8437,tun,Tunisia,2006,85,66,0,151,0,151,2835,358,3193,3193
8438,tun,Tunisia,2007,93,52,0,145,0,145,2488,334,2822,2822
8439,tun,Tunisia,2008,90,45,0,135,0,135,2334,352,2686,2686
8440,tun,Tunisia,2009,86,32,0,118,0,118,2237,488,2725,2725
8441,tun,Tunisia,2010,86,24,0,110,0,110,2159,537,2696,2696
8442,tun,Tunisia,2011,4085,544,0,4629,0,4629,1930,1598,3528,3528
8443,tun,Tunisia,2012,1433,335,0,1768,0,1768,1918,2279,4197,4197
8444,tun,Tunisia,2013,727,351,0,1078,0,1078,1359,1785,3144,3144
8445,tun,Tunisia,2014,895,223,0,1118,0,1118,1476,1782,3258,3258
8446,tun,Tunisia,2015,659,80,0,739,0,739,1554,2329,3883,3883
8447,tun,Tunisia,2016,646,30,0,676,0,676,1687,2062,3749,3749
8448,tun,Tunisia,2017,726,36,0,762,0,762,1826,2330,4156,4156
8449,tun,Tunisia,2018,1061,250,0,1311,0,1311,1985,2749,4734,4734
8450,tun,Tunisia,2019,1732,1517,0,3249,0,3249,2068,2668,4736,4736
8451,tun,Tunisia,2020,2580,3700,0,6280,0,6280,1636,2829,4465,4465
8452,tun,Tunisia,2021,3186,6140,0,9326,0,9326,2201,4012,6213,6213
8453,tun,Tunisia,2022,3299,5630,0,8929,0,8929,2691,7923,10614,10614
8454,tun,Tunisia,2023,3409,5093,0,8502,0,8502,2930,6805,9735,9735
8455,tur,Turkey,1951,2700,0,0,2700,0,2700,0,0,0,0
8456,tur,Turkey,1952,2000,0,0,2000,0,2000,0,0,0,0
8457,tur,Turkey,1953,2000,0,0,2000,0,2000,0,0,0,0
8458,tur,Turkey,1954,2500,0,0,2500,0,2500,0,0,0,0
8459,tur,Turkey,1955,2200,0,0,2200,0,2200,0,0,0,0
8460,tur,Turkey,1956,2100,0,0,2100,0,2100,0,0,0,0
8461,tur,Turkey,1957,2200,0,0,2200,0,2200,0,0,0,0
8462,tur,Turkey,1958,2150,0,0,2150,0,2150,0,0,0,0
8463,tur,Turkey,1959,2150,0,0,2150,0,2150,0,0,0,0
8464,tur,Turkey,1960,2200,0,0,2200,0,2200,0,0,0,0
8465,tur,Turkey,1961,2300,0,0,2300,0,2300,0,0,0,0
8466,tur,Turkey,1962,2300,0,0,2300,0,2300,0,0,0,0
8467,tur,Turkey,1963,2300,0,0,2300,0,2300,0,0,0,0
8468,tur,Turkey,1964,2300,0,0,2300,0,2300,0,0,0,0
8469,tur,Turkey,1965,2000,0,0,2000,0,2000,0,0,0,0
8470,tur,Turkey,1966,1900,0,0,1900,0,1900,0,0,0,0
8471,tur,Turkey,1967,1850,0,0,1850,0,1850,0,0,0,0
8472,tur,Turkey,1968,1980,0,0,1980,0,1980,0,0,0,0
8473,tur,Turkey,1969,1400,0,0,1400,0,1400,0,0,0,0
8474,tur,Turkey,1970,1170,0,0,1170,0,1170,0,0,0,0
8475,tur,Turkey,1971,1150,0,0,1150,0,1150,0,0,0,0
8476,tur,Turkey,1972,1160,0,0,1160,0,1160,250,0,250,250
8477,tur,Turkey,1973,1160,0,0,1160,0,1160,0,0,0,0
8478,tur,Turkey,1974,1060,0,0,1060,0,1060,0,0,0,0
8479,tur,Turkey,1975,1060,0,0,1060,0,1060,0,0,0,0
8480,tur,Turkey,1976,1060,0,0,1060,0,1060,0,0,0,0
8481,tur,Turkey,1977,1050,0,0,1050,0,1050,70,0,70,70
8482,tur,Turkey,1978,1070,0,0,1070,0,1070,60,0,60,60
8483,tur,Turkey,1979,1060,0,0,1060,0,1060,60,0,60,60
8484,tur,Turkey,1980,6100,0,0,6100,0,6100,0,0,0,0
8485,tur,Turkey,1981,1180,0,0,1180,0,1180,0,0,0,0
8486,tur,Turkey,1982,1670,0,0,1670,0,1670,300,0,300,300
8487,tur,Turkey,1983,1320,0,0,1320,0,1320,540,0,540,540
8488,tur,Turkey,1984,2600,0,0,2600,0,2600,1040,0,1040,1040
8489,tur,Turkey,1985,1790,0,0,1790,0,1790,810,0,810,810
8490,tur,Turkey,1986,1920,0,0,1920,0,1920,850,0,850,850
8491,tur,Turkey,1987,2200,0,0,2200,0,2200,1085,0,1085,1085
8492,tur,Turkey,1988,4450,0,0,4450,0,4450,150,0,150,150
8493,tur,Turkey,1989,33067,0,0,33067,0,33067,2764,0,2764,2764
8494,tur,Turkey,1990,28000,0,0,28000,0,28000,5508,0,5508,5508
8495,tur,Turkey,1991,30462,0,0,30462,0,30462,6452,0,6452,6452
8496,tur,Turkey,1992,28477,0,0,28477,0,28477,10089,0,10089,10089
8497,tur,Turkey,1993,23267,0,0,23267,0,23267,16767,0,16767,16767
8498,tur,Turkey,1994,24927,0,0,24927,0,24927,28872,0,28872,28872
8499,tur,Turkey,1995,12841,0,0,12841,0,12841,44866,0,44866,44866
8500,tur,Turkey,1996,8166,0,0,8166,0,8166,50355,0,50355,50355
8501,tur,Turkey,1997,2448,0,0,2448,0,2448,47339,0,47339,47339
8502,tur,Turkey,1998,2529,0,0,2529,0,2529,45019,0,45019,45019
8503,tur,Turkey,1999,2810,0,0,2810,0,2810,44012,0,44012,44012
8504,tur,Turkey,2000,3096,5200,0,8296,0,8296,47154,10231,57385,57385
8505,tur,Turkey,2001,3466,4168,0,7634,0,7634,47085,13326,60411,60411
8506,tur,Turkey,2002,3302,2577,0,5879,0,5879,193697,12516,206213,206213
8507,tur,Turkey,2003,2488,3448,0,5936,0,5936,185086,8527,193613,193613
8508,tur,Turkey,2004,3029,3929,0,6958,0,6958,174572,5282,179854,179854
8509,tur,Turkey,2005,2395,4870,0,7265,0,7265,170557,11310,181867,181867
8510,tur,Turkey,2006,2624,6202,0,8826,0,8826,227236,12187,239423,239423
8511,tur,Turkey,2007,6941,5166,0,12107,0,12107,221937,9172,231109,231109
8512,tur,Turkey,2008,11090,7107,0,18197,0,18197,214365,8531,222896,222896
8513,tur,Turkey,2009,10339,5969,0,16308,0,16308,146378,9273,155651,155651
8514,tur,Turkey,2010,10025,6699,0,16724,0,16724,146785,7493,154278,154278
8515,tur,Turkey,2011,14457,10936,0,25393,0,25393,139763,6885,146648,146648
8516,tur,Turkey,2012,267063,23785,0,290848,0,290848,135353,8857,144210,144210
8517,tur,Turkey,2013,609931,52448,0,662379,0,662379,66558,10552,77110,77110
8518,tur,Turkey,2014,1587365,106357,0,1693722,0,1693722,63882,11189,75071,75071
8519,tur,Turkey,2015,2541348,212368,0,2753716,0,2753716,59545,12073,71618,71618
8520,tur,Turkey,2016,2869419,245926,0,3115345,0,3115345,57915,23236,81151,81151
8521,tur,Turkey,2017,3480350,308838,0,3789188,0,3789188,61383,33801,95184,95184
8522,tur,Turkey,2018,3681688,311699,0,3993387,0,3993387,68900,42915,111815,111815
8523,tur,Turkey,2019,3579531,328257,0,3907788,0,3907788,83239,46941,130180,130180
8524,tur,Turkey,2020,3652362,322188,0,3974550,0,3974550,93730,44517,138247,138247
8525,tur,Turkey,2021,3759817,304970,0,4064787,0,4064787,105019,46327,151346,151346
8526,tur,Turkey,2022,3568259,272336,0,3840595,0,3840595,93537,82737,176274,176274
8527,tur,Turkey,2023,3368976,260605,0,3629581,0,3629581,115708,105957,221665,221665
8528,tkm,Turkmenistan,1993,15400,0,0,15400,0,15400,0,0,0,0
8529,tkm,Turkmenistan,1994,15400,0,0,15400,0,15400,7,0,7,7
8530,tkm,Turkmenistan,1995,23324,0,0,23324,0,23324,45,0,45,45
8531,tkm,Turkmenistan,1996,15582,0,0,15582,0,15582,2936,0,2936,2936
8532,tkm,Turkmenistan,1997,15787,0,0,15787,0,15787,3179,0,3179,3179
8533,tkm,Turkmenistan,1998,14626,0,0,14626,0,14626,1562,0,1562,1562
8534,tkm,Turkmenistan,1999,18461,0,0,18461,0,18461,1051,0,1051,1051
8535,tkm,Turkmenistan,2000,14188,566,0,14754,0,14754,299,15,314,314
8536,tkm,Turkmenistan,2001,14003,489,0,14492,0,14492,305,36,341,341
8537,tkm,Turkmenistan,2002,13691,0,0,13691,0,13691,797,124,921,921
8538,tkm,Turkmenistan,2003,13509,5,0,13514,0,13514,836,159,995,995
8539,tkm,Turkmenistan,2004,13252,0,0,13252,0,13252,815,180,995,995
8540,tkm,Turkmenistan,2005,11965,0,0,11965,0,11965,818,170,988,988
8541,tkm,Turkmenistan,2006,751,0,0,751,0,751,689,146,835,835
8542,tkm,Turkmenistan,2007,126,16,0,142,0,142,667,134,801,801
8543,tkm,Turkmenistan,2008,81,0,0,81,0,81,735,110,845,845
8544,tkm,Turkmenistan,2009,62,0,0,62,0,62,734,77,811,811
8545,tkm,Turkmenistan,2010,64,0,0,64,0,64,723,47,770,770
8546,tkm,Turkmenistan,2011,59,0,0,59,0,59,711,70,781,781
8547,tkm,Turkmenistan,2012,46,0,0,46,0,46,708,125,833,833
8548,tkm,Turkmenistan,2013,45,0,0,45,0,45,502,317,819,819
8549,tkm,Turkmenistan,2014,34,0,0,34,0,34,470,743,1213,1213
8550,tkm,Turkmenistan,2015,25,0,0,25,0,25,446,1205,1651,1651
8551,tkm,Turkmenistan,2016,26,0,0,26,0,26,371,1069,1440,1440
8552,tkm,Turkmenistan,2017,22,0,0,22,0,22,365,1115,1480,1480
8553,tkm,Turkmenistan,2018,21,0,0,21,0,21,457,1264,1721,1721
8554,tkm,Turkmenistan,2019,21,0,0,21,0,21,478,576,1054,1054
8555,tkm,Turkmenistan,2020,20,0,0,20,0,20,498,585,1083,1083
8556,tkm,Turkmenistan,2021,16,0,0,16,0,16,563,722,1285,1285
8557,tkm,Turkmenistan,2022,14,0,0,14,0,14,2240,863,3103,3103
8558,tkm,Turkmenistan,2023,14,0,0,14,0,14,2874,1161,4035,4035
8559,tuv,Tuvalu,1995,0,0,0,0,0,0,5,0,5,5
8560,tuv,Tuvalu,1996,0,0,0,0,0,0,5,0,5,5
8561,tuv,Tuvalu,1997,0,0,0,0,0,0,5,0,5,5
8562,tuv,Tuvalu,1998,0,0,0,0,0,0,5,0,5,5
8563,tuv,Tuvalu,1999,0,0,0,0,0,0,5,0,5,5
8564,tuv,Tuvalu,2000,0,0,0,0,0,0,5,0,5,5
8565,tuv,Tuvalu,2001,0,0,0,0,0,0,5,0,5,5
8566,tuv,Tuvalu,2002,0,0,0,0,0,0,5,0,5,5
8567,tuv,Tuvalu,2003,0,0,0,0,0,0,5,0,5,5
8568,tuv,Tuvalu,2004,0,0,0,0,0,0,5,0,5,5
8569,tuv,Tuvalu,2005,0,0,0,0,0,0,0,0,0,0
8570,tuv,Tuvalu,2006,0,0,0,0,0,0,5,0,5,5
8571,tuv,Tuvalu,2007,0,0,0,0,0,0,0,0,0,0
8572,tuv,Tuvalu,2008,0,0,0,0,0,0,0,0,0,0
8573,tuv,Tuvalu,2009,0,0,0,0,0,0,0,0,0,0
8574,tuv,Tuvalu,2010,0,0,0,0,0,0,0,0,0,0
8575,tuv,Tuvalu,2011,0,0,0,0,0,0,0,0,0,0
8576,tuv,Tuvalu,2012,0,0,0,0,0,0,0,5,5,5
8577,uga,Uganda,1961,52000,0,0,52000,0,52000,0,0,0,0
8578,uga,Uganda,1962,52000,0,0,52000,0,52000,0,0,0,0
8579,uga,Uganda,1963,59000,0,0,59000,0,59000,0,0,0,0
8580,uga,Uganda,1964,113000,0,0,113000,0,113000,0,0,0,0
8581,uga,Uganda,1965,137400,0,0,137400,0,137400,0,0,0,0
8582,uga,Uganda,1966,156000,0,0,156000,0,156000,0,0,0,0
8583,uga,Uganda,1967,162760,0,0,162760,0,162760,0,0,0,0
8584,uga,Uganda,1968,175730,0,0,175730,0,175730,0,0,0,0
8585,uga,Uganda,1969,177260,0,0,177260,0,177260,0,0,0,0
8586,uga,Uganda,1970,179800,0,0,179800,0,179800,0,0,0,0
8587,uga,Uganda,1971,180920,0,0,180920,0,180920,0,0,0,0
8588,uga,Uganda,1972,166560,0,0,166560,0,166560,0,0,0,0
8589,uga,Uganda,1973,113900,0,0,113900,0,113900,950,0,950,950
8590,uga,Uganda,1974,118510,0,0,118510,0,118510,2630,0,2630,2630
8591,uga,Uganda,1975,112630,0,0,112630,0,112630,2510,0,2510,2510
8592,uga,Uganda,1976,112930,0,0,112930,0,112930,3250,0,3250,3250
8593,uga,Uganda,1977,113570,0,0,113570,0,113570,8000,0,8000,8000
8594,uga,Uganda,1978,113680,0,0,113680,0,113680,8820,0,8820,8820
8595,uga,Uganda,1979,112680,0,0,112680,0,112680,88710,0,88710,88710
8596,uga,Uganda,1980,113000,0,0,113000,0,113000,224301,0,224301,224301
8597,uga,Uganda,1981,113000,0,0,113000,0,113000,176691,0,176691,176691
8598,uga,Uganda,1982,113000,0,0,113000,0,113000,271285,0,271285,271285
8599,uga,Uganda,1983,132970,0,0,132970,0,132970,315346,0,315346,315346
8600,uga,Uganda,1984,151000,0,0,151000,0,151000,293991,0,293991,293991
8601,uga,Uganda,1985,151000,0,0,151000,0,151000,306060,0,306060,306060
8602,uga,Uganda,1986,144060,0,0,144060,0,144060,238652,0,238652,238652
8603,uga,Uganda,1987,88670,0,0,88670,0,88670,111071,0,111071,111071
8604,uga,Uganda,1988,103102,0,0,103102,0,103102,21975,0,21975,21975
8605,uga,Uganda,1989,129961,0,0,129961,0,129961,21358,0,21358,21358
8606,uga,Uganda,1990,145718,0,0,145718,0,145718,58820,0,58820,58820
8607,uga,Uganda,1991,162521,0,0,162521,0,162521,39386,0,39386,39386
8608,uga,Uganda,1992,196290,0,0,196290,0,196290,32456,0,32456,32456
8609,uga,Uganda,1993,286500,0,0,286500,0,286500,33406,0,33406,33406
8610,uga,Uganda,1994,286500,0,0,286500,0,286500,31446,0,31446,31446
8611,uga,Uganda,1995,229348,0,0,229348,0,229348,24161,0,24161,24161
8612,uga,Uganda,1996,264294,0,0,264294,0,264294,28335,0,28335,28335
8613,uga,Uganda,1997,188512,0,0,188512,0,188512,55232,0,55232,55232
8614,uga,Uganda,1998,204543,0,0,204543,0,204543,13294,0,13294,13294
8615,uga,Uganda,1999,218191,0,0,218191,0,218191,13929,0,13929,13929
8616,uga,Uganda,2000,236622,2466,0,239088,0,239088,32405,1050,33455,33455
8617,uga,Uganda,2001,199735,629,0,200364,0,200364,40133,943,41076,41076
8618,uga,Uganda,2002,217301,544,0,217845,0,217845,40414,2030,42444,42444
8619,uga,Uganda,2003,230904,723,0,231627,0,231627,35240,2818,38058,38058
8620,uga,Uganda,2004,250477,1806,0,252283,0,252283,31955,3202,35157,35157
8621,uga,Uganda,2005,257252,1806,0,259058,0,259058,34208,4297,38505,38505
8622,uga,Uganda,2006,272003,5812,0,277815,1586174,1863989,21735,1344,23079,1609253
8623,uga,Uganda,2007,228956,5776,0,234732,1235992,1470724,21325,3130,24455,1260447
8624,uga,Uganda,2008,162132,9248,0,171380,853000,1024380,7533,3127,10660,863660
8625,uga,Uganda,2009,127340,11551,0,138891,446300,585191,7543,898,8441,454741
8626,uga,Uganda,2010,135799,20803,0,156602,125598,282200,6421,929,7350,132948
8627,uga,Uganda,2011,139442,23449,0,162891,29776,192667,5658,1970,7628,37404
8628,uga,Uganda,2012,197872,28061,0,225933,0,225933,5588,3076,8664,8664
8629,uga,Uganda,2013,220548,24216,0,244764,0,244764,8166,3754,11920,11920
8630,uga,Uganda,2014,385503,35468,0,420971,0,420971,7177,4748,11925,11925
8631,uga,Uganda,2015,477187,35768,0,512955,0,512955,6311,6426,12737,12737
8632,uga,Uganda,2016,940825,41872,0,982697,0,982697,6229,5328,11557,11557
8633,uga,Uganda,2017,1350495,44635,0,1395130,0,1395130,6409,10156,16565,16565
8634,uga,Uganda,2018,1165646,25269,0,1190915,0,1190915,7034,10956,17990,17990
8635,uga,Uganda,2019,1359458,21658,0,1381116,0,1381116,7301,11433,18734,18734
8636,uga,Uganda,2020,1421133,25236,0,1446369,0,1446369,7442,11742,19184,19184
8637,uga,Uganda,2021,1529903,43388,0,1573291,0,1573291,7887,11824,19711,19711
8638,uga,Uganda,2022,1463523,32166,0,1495689,0,1495689,7572,11833,19405,19405
8639,uga,Uganda,2023,1512681,48956,0,1561637,0,1561637,7719,13010,20729,20729
8640,ukr,Ukraine,1992,0,0,0,0,0,0,39,0,39,39
8641,ukr,Ukraine,1993,0,0,0,0,0,0,133,0,133,133
8642,ukr,Ukraine,1994,5193,0,0,5193,0,5193,917,0,917,917
8643,ukr,Ukraine,1995,5193,0,0,5193,0,5193,1702,0,1702,1702
8644,ukr,Ukraine,1996,3585,0,0,3585,0,3585,6106,0,6106,6106
8645,ukr,Ukraine,1997,4566,0,0,4566,0,4566,6348,0,6348,6348
8646,ukr,Ukraine,1998,6101,0,0,6101,0,6101,4599,0,4599,4599
8647,ukr,Ukraine,1999,2687,0,0,2687,0,2687,12235,0,12235,12235
8648,ukr,Ukraine,2000,2927,75,0,3002,0,3002,19310,3038,22348,22348
8649,ukr,Ukraine,2001,2958,171,0,3129,0,3129,26712,5896,32608,32608
8650,ukr,Ukraine,2002,2940,400,0,3340,0,3340,85258,4872,90130,90130
8651,ukr,Ukraine,2003,2851,874,0,3725,0,3725,94141,2850,96991,96991
8652,ukr,Ukraine,2004,2442,1803,0,4245,0,4245,89582,2642,92224,92224
8653,ukr,Ukraine,2005,2334,1591,0,3925,0,3925,84223,2664,86887,86887
8654,ukr,Ukraine,2006,2267,1157,0,3424,0,3424,63716,3478,67194,67194
8655,ukr,Ukraine,2007,7272,1283,0,8555,0,8555,25980,2418,28398,28398
8656,ukr,Ukraine,2008,7189,1300,0,8489,0,8489,28416,1900,30316,30316
8657,ukr,Ukraine,2009,7321,2030,0,9351,0,9351,24512,1530,26042,26042
8658,ukr,Ukraine,2010,3016,2949,0,5965,0,5965,25102,1250,26352,26352
8659,ukr,Ukraine,2011,3168,3589,0,6757,0,6757,25372,1039,26411,26411
8660,ukr,Ukraine,2012,2790,5062,0,7852,0,7852,25248,1209,26457,26457
8661,ukr,Ukraine,2013,2956,5458,0,8414,0,8414,5154,1631,6785,6785
8662,ukr,Ukraine,2014,3206,5889,0,9095,823000,832095,237617,15085,252702,1075702
8663,ukr,Ukraine,2015,3261,6479,0,9740,1600000,1609740,321399,22350,343749,1943749
8664,ukr,Ukraine,2016,3292,6536,0,9828,1800000,1809828,239062,34638,273700,2073700
8665,ukr,Ukraine,2017,3241,6210,0,9451,1800000,1809451,139581,37670,177251,1977251
8666,ukr,Ukraine,2018,2606,6389,0,8995,1500002,1508997,93248,31965,125213,1625215
8667,ukr,Ukraine,2019,2166,2386,0,4552,734000,738552,59844,27991,87835,821835
8668,ukr,Ukraine,2020,2249,2359,0,4608,734000,738608,35156,21426,56582,790582
8669,ukr,Ukraine,2021,2382,2719,0,5101,854000,859101,27562,19426,46988,900988
8670,ukr,Ukraine,2022,2520,502,0,3022,5914000,5917022,5684177,34637,5718814,11632814
8671,ukr,Ukraine,2023,2532,460,0,2992,5088000,5090992,5865447,37190,5902637,10990637
8672,are,United Arab Emirates,1968,300,0,0,300,0,300,0,0,0,0
8673,are,United Arab Emirates,1969,300,0,0,300,0,300,0,0,0,0
8674,are,United Arab Emirates,1970,0,0,0,0,0,0,0,0,0,0
8675,are,United Arab Emirates,1971,870,0,0,870,0,870,0,0,0,0
8676,are,United Arab Emirates,1972,870,0,0,870,0,870,0,0,0,0
8677,are,United Arab Emirates,1973,3200,0,0,3200,0,3200,0,0,0,0
8678,are,United Arab Emirates,1974,1200,0,0,1200,0,1200,0,0,0,0
8679,are,United Arab Emirates,1975,0,0,0,0,0,0,0,0,0,0
8680,are,United Arab Emirates,1976,4000,0,0,4000,0,4000,0,0,0,0
8681,are,United Arab Emirates,1977,390,0,0,390,0,390,0,0,0,0
8682,are,United Arab Emirates,1978,390,0,0,390,0,390,0,0,0,0
8683,are,United Arab Emirates,1979,590,0,0,590,0,590,0,0,0,0
8684,are,United Arab Emirates,1980,2490,0,0,2490,0,2490,0,0,0,0
8685,are,United Arab Emirates,1981,6090,0,0,6090,0,6090,0,0,0,0
8686,are,United Arab Emirates,1982,3690,0,0,3690,0,3690,0,0,0,0
8687,are,United Arab Emirates,1983,4090,0,0,4090,0,4090,0,0,0,0
8688,are,United Arab Emirates,1984,5170,0,0,5170,0,5170,0,0,0,0
8689,are,United Arab Emirates,1985,26350,0,0,26350,0,26350,0,0,0,0
8690,are,United Arab Emirates,1986,0,0,0,0,0,0,0,0,0,0
8691,are,United Arab Emirates,1987,0,0,0,0,0,0,0,0,0,0
8692,are,United Arab Emirates,1988,0,0,0,0,0,0,0,0,0,0
8693,are,United Arab Emirates,1989,70,0,0,70,0,70,0,0,0,0
8694,are,United Arab Emirates,1990,0,0,0,0,0,0,0,0,0,0
8695,are,United Arab Emirates,1991,0,0,0,0,0,0,0,0,0,0
8696,are,United Arab Emirates,1992,0,0,0,0,0,0,0,0,0,0
8697,are,United Arab Emirates,1993,434,0,0,434,0,434,0,0,0,0
8698,are,United Arab Emirates,1994,380,0,0,380,0,380,0,0,0,0
8699,are,United Arab Emirates,1995,409,0,0,409,0,409,0,0,0,0
8700,are,United Arab Emirates,1996,464,0,0,464,0,464,0,0,0,0
8701,are,United Arab Emirates,1997,519,0,0,519,0,519,0,0,0,0
8702,are,United Arab Emirates,1998,532,0,0,532,0,532,5,0,5,5
8703,are,United Arab Emirates,1999,501,0,0,501,0,501,5,0,5,5
8704,are,United Arab Emirates,2000,560,329,0,889,0,889,17,8,25,25
8705,are,United Arab Emirates,2001,554,355,0,909,0,909,18,29,47,47
8706,are,United Arab Emirates,2002,165,272,0,437,0,437,29,36,65,65
8707,are,United Arab Emirates,2003,160,61,0,221,0,221,16,22,38,38
8708,are,United Arab Emirates,2004,106,52,0,158,0,158,69,5,74,74
8709,are,United Arab Emirates,2005,104,77,0,181,0,181,31,15,46,46
8710,are,United Arab Emirates,2006,176,31,0,207,0,207,260,10,270,270
8711,are,United Arab Emirates,2007,161,66,0,227,0,227,305,10,315,315
8712,are,United Arab Emirates,2008,204,67,0,271,0,271,255,8,263,263
8713,are,United Arab Emirates,2009,280,76,0,356,0,356,411,22,433,433
8714,are,United Arab Emirates,2010,538,88,0,626,0,626,418,24,442,442
8715,are,United Arab Emirates,2011,675,41,0,716,0,716,484,6,490,490
8716,are,United Arab Emirates,2012,628,91,0,719,0,719,580,13,593,593
8717,are,United Arab Emirates,2013,602,74,0,676,0,676,84,41,125,125
8718,are,United Arab Emirates,2014,419,212,0,631,0,631,84,68,152,152
8719,are,United Arab Emirates,2015,663,422,0,1085,0,1085,91,103,194,194
8720,are,United Arab Emirates,2016,888,605,0,1493,0,1493,103,160,263,263
8721,are,United Arab Emirates,2017,884,1882,0,2766,0,2766,137,207,344,344
8722,are,United Arab Emirates,2018,1167,6500,0,7667,0,7667,169,272,441,441
8723,are,United Arab Emirates,2019,1242,7266,0,8508,0,8508,155,181,336,336
8724,are,United Arab Emirates,2020,1315,7229,0,8544,0,8544,181,181,362,362
8725,are,United Arab Emirates,2021,1355,7203,0,8558,0,8558,160,215,375,375
8726,are,United Arab Emirates,2022,1399,7110,0,8509,0,8509,199,594,793,793
8727,are,United Arab Emirates,2023,1393,7106,0,8499,0,8499,209,189,398,398
8728,gbr,United Kingdom,1951,208000,0,0,208000,0,208000,0,0,0,0
8729,gbr,United Kingdom,1952,200000,0,0,200000,0,200000,0,0,0,0
8730,gbr,United Kingdom,1953,192000,0,0,192000,0,192000,0,0,0,0
8731,gbr,United Kingdom,1954,182000,0,0,182000,0,182000,0,0,0,0
8732,gbr,United Kingdom,1955,175000,0,0,175000,0,175000,0,0,0,0
8733,gbr,United Kingdom,1956,182000,0,0,182000,0,182000,0,0,0,0
8734,gbr,United Kingdom,1957,179000,0,0,179000,0,179000,0,0,0,0
8735,gbr,United Kingdom,1958,175000,0,0,175000,0,175000,0,0,0,0
8736,gbr,United Kingdom,1959,170000,0,0,170000,0,170000,0,0,0,0
8737,gbr,United Kingdom,1960,167000,0,0,167000,0,167000,0,0,0,0
8738,gbr,United Kingdom,1961,164000,0,0,164000,0,164000,0,0,0,0
8739,gbr,United Kingdom,1962,160000,0,0,160000,0,160000,0,0,0,0
8740,gbr,United Kingdom,1963,157000,0,0,157000,0,157000,0,0,0,0
8741,gbr,United Kingdom,1964,160000,0,0,160000,0,160000,0,0,0,0
8742,gbr,United Kingdom,1965,170000,0,0,170000,0,170000,0,0,0,0
8743,gbr,United Kingdom,1966,167000,0,0,167000,0,167000,0,0,0,0
8744,gbr,United Kingdom,1967,164000,0,0,164000,0,164000,0,0,0,0
8745,gbr,United Kingdom,1968,161000,0,0,161000,0,161000,0,0,0,0
8746,gbr,United Kingdom,1969,162000,0,0,162000,0,162000,0,0,0,0
8747,gbr,United Kingdom,1970,162000,0,0,162000,0,162000,0,0,0,0
8748,gbr,United Kingdom,1971,150000,0,0,150000,0,150000,0,0,0,0
8749,gbr,United Kingdom,1972,150000,0,0,150000,0,150000,0,0,0,0
8750,gbr,United Kingdom,1973,150000,0,0,150000,0,150000,0,0,0,0
8751,gbr,United Kingdom,1974,155500,0,0,155500,0,155500,0,0,0,0
8752,gbr,United Kingdom,1975,153000,0,0,153000,0,153000,0,0,0,0
8753,gbr,United Kingdom,1976,153000,0,0,153000,0,153000,0,0,0,0
8754,gbr,United Kingdom,1977,148000,0,0,148000,0,148000,0,0,0,0
8755,gbr,United Kingdom,1978,150000,0,0,150000,0,150000,0,0,0,0
8756,gbr,United Kingdom,1979,146000,0,0,146000,0,146000,0,0,0,0
8757,gbr,United Kingdom,1980,148000,0,0,148000,0,148000,0,0,0,0
8758,gbr,United Kingdom,1981,146000,0,0,146000,0,146000,0,0,0,0
8759,gbr,United Kingdom,1982,143000,0,0,143000,0,143000,0,0,0,0
8760,gbr,United Kingdom,1983,140000,0,0,140000,0,140000,0,0,0,0
8761,gbr,United Kingdom,1984,135000,0,0,135000,0,135000,0,0,0,0
8762,gbr,United Kingdom,1985,135000,0,0,135000,0,135000,0,0,0,0
8763,gbr,United Kingdom,1986,100000,0,0,100000,0,100000,0,0,0,0
8764,gbr,United Kingdom,1987,100000,0,0,100000,0,100000,0,0,0,0
8765,gbr,United Kingdom,1988,39755,0,0,39755,0,39755,0,0,0,0
8766,gbr,United Kingdom,1989,46014,0,0,46014,0,46014,0,0,0,0
8767,gbr,United Kingdom,1990,43625,0,0,43625,0,43625,0,0,0,0
8768,gbr,United Kingdom,1991,43368,0,0,43368,0,43368,0,0,0,0
8769,gbr,United Kingdom,1992,64717,0,0,64717,0,64717,0,0,0,0
8770,gbr,United Kingdom,1993,80230,0,0,80230,0,80230,0,0,0,0
8771,gbr,United Kingdom,1994,85159,0,0,85159,0,85159,106,0,106,106
8772,gbr,United Kingdom,1995,90908,0,0,90908,0,90908,75,0,75,75
8773,gbr,United Kingdom,1996,98577,0,0,98577,0,98577,69,0,69,69
8774,gbr,United Kingdom,1997,107933,0,0,107933,0,107933,75,0,75,75
8775,gbr,United Kingdom,1998,121715,0,0,121715,0,121715,88,0,88,88
8776,gbr,United Kingdom,1999,148921,0,0,148921,0,148921,102,0,102,102
8777,gbr,United Kingdom,2000,186247,88600,0,274847,0,274847,109,69,178,178
8778,gbr,United Kingdom,2001,233389,38800,0,272189,0,272189,104,77,181,181
8779,gbr,United Kingdom,2002,260687,41300,0,301987,0,301987,158,74,232,232
8780,gbr,United Kingdom,2003,276482,23900,0,300382,0,300382,146,64,210,210
8781,gbr,United Kingdom,2004,298826,9700,0,308526,0,308526,141,46,187,187
8782,gbr,United Kingdom,2005,303163,12500,0,315663,0,315663,134,57,191,191
8783,gbr,United Kingdom,2006,301537,12400,0,313937,0,313937,170,43,213,213
8784,gbr,United Kingdom,2007,299701,10800,0,310501,0,310501,198,36,234,234
8785,gbr,United Kingdom,2008,292081,13600,0,305681,0,305681,182,24,206,206
8786,gbr,United Kingdom,2009,269355,12406,0,281761,0,281761,155,44,199,199
8787,gbr,United Kingdom,2010,238133,14880,0,253013,0,253013,152,43,195,195
8788,gbr,United Kingdom,2011,193494,16861,0,210355,0,210355,150,40,190,190
8789,gbr,United Kingdom,2012,149790,18896,0,168686,0,168686,150,45,195,195
8790,gbr,United Kingdom,2013,126036,25100,0,151136,0,151136,140,66,206,206
8791,gbr,United Kingdom,2014,117226,36354,0,153580,0,153580,137,77,214,214
8792,gbr,United Kingdom,2015,123051,45853,0,168904,0,168904,128,109,237,237
8793,gbr,United Kingdom,2016,118973,43496,0,162469,0,162469,78,100,178,178
8794,gbr,United Kingdom,2017,121821,40354,0,162175,0,162175,85,158,243,243
8795,gbr,United Kingdom,2018,126708,45234,0,171942,0,171942,84,184,268,268
8796,gbr,United Kingdom,2019,133083,61947,0,195030,0,195030,69,227,296,296
8797,gbr,United Kingdom,2020,132304,77245,0,209549,0,209549,62,200,262,262
8798,gbr,United Kingdom,2021,137078,104897,0,241975,0,241975,101,277,378,378
8799,gbr,United Kingdom,2022,328989,167289,0,496278,0,496278,237,408,645,645
8800,gbr,United Kingdom,2023,365262,175438,0,540700,0,540700,227,453,680,680
8801,usa,United States,1951,350000,0,0,350000,0,350000,0,0,0,0
8802,usa,United States,1952,500000,0,0,500000,0,500000,0,0,0,0
8803,usa,United States,1953,500000,0,0,500000,0,500000,0,0,0,0
8804,usa,United States,1954,500000,0,0,500000,0,500000,0,0,0,0
8805,usa,United States,1955,500000,0,0,500000,0,500000,0,0,0,0
8806,usa,United States,1956,500000,0,0,500000,0,500000,0,0,0,0
8807,usa,United States,1957,500000,0,0,500000,0,500000,0,0,0,0
8808,usa,United States,1958,500000,0,0,500000,0,500000,0,0,0,0
8809,usa,United States,1959,500000,0,0,500000,0,500000,0,0,0,0
8810,usa,United States,1960,500000,0,0,500000,0,500000,0,0,0,0
8811,usa,United States,1961,500000,0,0,500000,0,500000,0,0,0,0
8812,usa,United States,1962,500000,0,0,500000,0,500000,0,0,0,0
8813,usa,United States,1963,500000,0,0,500000,0,500000,0,0,0,0
8814,usa,United States,1964,500000,0,0,500000,0,500000,0,0,0,0
8815,usa,United States,1965,510000,0,0,510000,0,510000,0,0,0,0
8816,usa,United States,1966,500000,0,0,500000,0,500000,0,0,0,0
8817,usa,United States,1967,480000,0,0,480000,0,480000,0,0,0,0
8818,usa,United States,1968,498000,0,0,498000,0,498000,0,0,0,0
8819,usa,United States,1969,500000,0,0,500000,0,500000,0,0,0,0
8820,usa,United States,1970,500000,0,0,500000,0,500000,0,0,0,0
8821,usa,United States,1971,530000,0,0,530000,0,530000,0,0,0,0
8822,usa,United States,1972,530000,0,0,530000,0,530000,0,0,0,0
8823,usa,United States,1973,530000,0,0,530000,0,530000,0,0,0,0
8824,usa,United States,1974,530000,0,0,530000,0,530000,0,0,0,0
8825,usa,United States,1975,530000,0,0,530000,0,530000,0,0,0,0
8826,usa,United States,1976,500000,0,0,500000,0,500000,0,0,0,0
8827,usa,United States,1977,684700,0,0,684700,0,684700,0,0,0,0
8828,usa,United States,1978,734000,0,0,734000,0,734000,0,0,0,0
8829,usa,United States,1979,734000,0,0,734000,0,734000,0,0,0,0
8830,usa,United States,1980,403684,0,0,403684,0,403684,0,0,0,0
8831,usa,United States,1981,537375,0,0,537375,0,537375,0,0,0,0
8832,usa,United States,1982,620257,0,0,620257,0,620257,0,0,0,0
8833,usa,United States,1983,655532,0,0,655532,0,655532,0,0,0,0
8834,usa,United States,1984,626909,0,0,626909,0,626909,0,0,0,0
8835,usa,United States,1985,492806,0,0,492806,0,492806,0,0,0,0
8836,usa,United States,1986,398633,0,0,398633,0,398633,0,0,0,0
8837,usa,United States,1987,365726,0,0,365726,0,365726,0,0,0,0
8838,usa,United States,1988,377769,0,0,377769,0,377769,0,0,0,0
8839,usa,United States,1989,411496,0,0,411496,0,411496,0,0,0,0
8840,usa,United States,1990,464887,0,0,464887,0,464887,0,0,0,0
8841,usa,United States,1991,513885,0,0,513885,0,513885,8,0,8,8
8842,usa,United States,1992,579938,0,0,579938,0,579938,8,0,8,8
8843,usa,United States,1993,623056,0,0,623056,0,623056,10,0,10,10
8844,usa,United States,1994,631046,0,0,631046,0,631046,364,0,364,364
8845,usa,United States,1995,623279,0,0,623279,0,623279,243,0,243,243
8846,usa,United States,1996,607005,0,0,607005,0,607005,141,0,141,141
8847,usa,United States,1997,563813,0,0,563813,0,563813,75,0,75,75
8848,usa,United States,1998,533951,0,0,533951,0,533951,50,0,50,50
8849,usa,United States,1999,521134,0,0,521134,0,521134,38,0,38,38
8850,usa,United States,2000,508209,386303,0,894512,0,894512,173,86,259,259
8851,usa,United States,2001,515851,395849,0,911700,0,911700,220,110,330,330
8852,usa,United States,2002,485173,395358,0,880531,0,880531,383,233,616,616
8853,usa,United States,2003,452536,350860,0,803396,0,803396,394,345,739,739
8854,usa,United States,2004,420788,263675,0,684463,0,684463,451,266,717,717
8855,usa,United States,2005,379330,169706,0,549036,0,549036,676,255,931,931
8856,usa,United States,2006,843434,124194,0,967628,0,967628,1353,390,1743,1743
8857,usa,United States,2007,281154,83855,0,365009,0,365009,2164,1100,3264,3264
8858,usa,United States,2008,279468,69188,0,348656,0,348656,2126,1740,3866,3866
8859,usa,United States,2009,275393,63758,0,339151,0,339151,2367,1443,3810,3810
8860,usa,United States,2010,264505,6276,0,270781,0,270781,3019,866,3885,3885
8861,usa,United States,2011,264752,11700,0,276452,0,276452,3775,591,4366,4366
8862,usa,United States,2012,262006,18946,0,280952,0,280952,4454,417,4871,4871
8863,usa,United States,2013,263653,84317,0,347970,0,347970,4755,283,5038,5038
8864,usa,United States,2014,267214,187815,0,455029,0,455029,4980,164,5144,5144
8865,usa,United States,2015,273198,286177,0,559375,0,559375,4824,245,5069,5069
8866,usa,United States,2016,272963,439864,0,712827,0,712827,302,286,588,588
8867,usa,United States,2017,287135,642719,0,929854,0,929854,310,2196,2506,2506
8868,usa,United States,2018,313242,718992,0,1032234,0,1032234,332,2834,3166,3166
8869,usa,United States,2019,341715,847608,0,1189323,0,1189323,297,2940,3237,3237
8870,usa,United States,2020,340846,997996,0,1338842,0,1338842,349,2491,2840,2840
8871,usa,United States,2021,339179,1303181,0,1642360,0,1642360,426,1662,2088,2088
8872,usa,United States,2022,363059,1798792,0,2161851,0,2161851,1327,2115,3442,3442
8873,usa,United States,2023,389335,2195300,0,2584635,0,2584635,1287,2272,3559,3559
8874,ury,Uruguay,1970,1500,0,0,1500,0,1500,0,0,0,0
8875,ury,Uruguay,1971,1500,0,0,1500,0,1500,0,0,0,0
8876,ury,Uruguay,1972,1500,0,0,1500,0,1500,0,0,0,0
8877,ury,Uruguay,1973,0,0,0,0,0,0,0,0,0,0
8878,ury,Uruguay,1974,1250,0,0,1250,0,1250,3000,0,3000,3000
8879,ury,Uruguay,1975,0,0,0,0,0,0,570,0,570,570
8880,ury,Uruguay,1976,0,0,0,0,0,0,1160,0,1160,1160
8881,ury,Uruguay,1977,2000,0,0,2000,0,2000,0,0,0,0
8882,ury,Uruguay,1978,2000,0,0,2000,0,2000,0,0,0,0
8883,ury,Uruguay,1979,2000,0,0,2000,0,2000,0,0,0,0
8884,ury,Uruguay,1980,1700,0,0,1700,0,1700,24,0,24,24
8885,ury,Uruguay,1981,1700,0,0,1700,0,1700,24,0,24,24
8886,ury,Uruguay,1982,60,0,0,60,0,60,525,0,525,525
8887,ury,Uruguay,1983,150,0,0,150,0,150,25,0,25,25
8888,ury,Uruguay,1984,0,0,0,0,0,0,165,0,165,165
8889,ury,Uruguay,1985,110,0,0,110,0,110,537,0,537,537
8890,ury,Uruguay,1986,70,0,0,70,0,70,47,0,47,47
8891,ury,Uruguay,1987,110,0,0,110,0,110,39,0,39,39
8892,ury,Uruguay,1988,110,0,0,110,0,110,33,0,33,33
8893,ury,Uruguay,1989,110,0,0,110,0,110,203,0,203,203
8894,ury,Uruguay,1990,87,0,0,87,0,87,843,0,843,843
8895,ury,Uruguay,1991,81,0,0,81,0,81,601,0,601,601
8896,ury,Uruguay,1992,90,0,0,90,0,90,431,0,431,431
8897,ury,Uruguay,1993,131,0,0,131,0,131,164,0,164,164
8898,ury,Uruguay,1994,116,0,0,116,0,116,363,0,363,363
8899,ury,Uruguay,1995,121,0,0,121,0,121,263,0,263,263
8900,ury,Uruguay,1996,130,0,0,130,0,130,202,0,202,202
8901,ury,Uruguay,1997,134,0,0,134,0,134,87,0,87,87
8902,ury,Uruguay,1998,163,0,0,163,0,163,72,0,72,72
8903,ury,Uruguay,1999,83,0,0,83,0,83,36,0,36,36
8904,ury,Uruguay,2000,74,0,0,74,0,74,48,162,210,210
8905,ury,Uruguay,2001,86,0,0,86,0,86,45,311,356,356
8906,ury,Uruguay,2002,97,0,0,97,0,97,60,510,570,570
8907,ury,Uruguay,2003,84,5,0,89,0,89,59,541,600,600
8908,ury,Uruguay,2004,87,5,0,92,0,92,76,129,205,205
8909,ury,Uruguay,2005,114,0,0,114,0,114,107,63,170,170
8910,ury,Uruguay,2006,117,22,0,139,0,139,158,54,212,212
8911,ury,Uruguay,2007,130,29,0,159,0,159,193,31,224,224
8912,ury,Uruguay,2008,133,33,0,166,0,166,194,52,246,246
8913,ury,Uruguay,2009,162,32,0,194,0,194,183,60,243,243
8914,ury,Uruguay,2010,181,33,0,214,0,214,185,49,234,234
8915,ury,Uruguay,2011,165,49,0,214,0,214,183,41,224,224
8916,ury,Uruguay,2012,170,40,0,210,0,210,168,33,201,201
8917,ury,Uruguay,2013,190,38,0,228,0,228,144,22,166,166
8918,ury,Uruguay,2014,254,51,0,305,0,305,119,42,161,161
8919,ury,Uruguay,2015,292,69,0,361,0,361,84,62,146,146
8920,ury,Uruguay,2016,299,352,0,651,0,651,23,103,126,126
8921,ury,Uruguay,2017,334,2089,0,2423,0,2423,12,174,186,186
8922,ury,Uruguay,2018,379,6404,11605,18388,0,18388,7,203,210,210
8923,ury,Uruguay,2019,498,13742,14362,28602,0,28602,15,311,326,326
8924,ury,Uruguay,2020,664,10631,14063,25358,0,25358,15,435,450,450
8925,ury,Uruguay,2021,877,13519,14995,29391,0,29391,45,648,693,693
8926,ury,Uruguay,2022,1115,16479,23023,40617,0,40617,82,578,660,660
8927,ury,Uruguay,2023,1222,21151,23628,46001,0,46001,91,653,744,744
8928,uzb,Uzbekistan,1993,8000,0,0,8000,0,8000,0,0,0,0
8929,uzb,Uzbekistan,1994,8000,0,0,8000,0,8000,29060,0,29060,29060
8930,uzb,Uzbekistan,1995,2623,0,0,2623,0,2623,142,0,142,142
8931,uzb,Uzbekistan,1996,2894,0,0,2894,0,2894,69745,0,69745,69745
8932,uzb,Uzbekistan,1997,3150,0,0,3150,0,3150,69068,0,69068,69068
8933,uzb,Uzbekistan,1998,1070,0,0,1070,0,1070,51722,0,51722,51722
8934,uzb,Uzbekistan,1999,1015,0,0,1015,0,1015,45527,0,45527,45527
8935,uzb,Uzbekistan,2000,38349,1243,0,39592,0,39592,3628,372,4000,4000
8936,uzb,Uzbekistan,2001,39579,1335,0,40914,0,40914,3454,662,4116,4116
8937,uzb,Uzbekistan,2002,44933,1075,0,46008,0,46008,6882,1532,8414,8414
8938,uzb,Uzbekistan,2003,44683,967,0,45650,0,45650,7394,1524,8918,8918
8939,uzb,Uzbekistan,2004,44452,475,0,44927,0,44927,7292,1332,8624,8624
8940,uzb,Uzbekistan,2005,43949,582,0,44531,0,44531,8322,1465,9787,9787
8941,uzb,Uzbekistan,2006,1415,0,0,1415,0,1415,9095,2151,11246,11246
8942,uzb,Uzbekistan,2007,1052,0,0,1052,0,1052,5658,1835,7493,7493
8943,uzb,Uzbekistan,2008,819,0,0,819,0,819,6297,1838,8135,8135
8944,uzb,Uzbekistan,2009,556,0,0,556,0,556,6662,1576,8238,8238
8945,uzb,Uzbekistan,2010,309,0,0,309,0,309,8841,1612,10453,10453
8946,uzb,Uzbekistan,2011,216,0,0,216,0,216,12667,1503,14170,14170
8947,uzb,Uzbekistan,2012,178,0,0,178,0,178,11593,1429,13022,13022
8948,uzb,Uzbekistan,2013,143,0,0,143,0,143,4953,1776,6729,6729
8949,uzb,Uzbekistan,2014,123,0,0,123,0,123,4790,1975,6765,6765
8950,uzb,Uzbekistan,2015,106,0,0,106,0,106,4197,2659,6856,6856
8951,uzb,Uzbekistan,2016,26,0,0,26,0,26,3824,3087,6911,6911
8952,uzb,Uzbekistan,2017,20,0,0,20,0,20,3405,3541,6946,6946
8953,uzb,Uzbekistan,2018,13,0,0,13,0,13,3276,4606,7882,7882
8954,uzb,Uzbekistan,2019,13,0,0,13,0,13,3217,5002,8219,8219
8955,uzb,Uzbekistan,2020,13,0,0,13,0,13,3112,5171,8283,8283
8956,uzb,Uzbekistan,2021,13032,0,0,13032,0,13032,3014,4946,7960,7960
8957,uzb,Uzbekistan,2022,13026,0,0,13026,0,13026,4347,8720,13067,13067
8958,uzb,Uzbekistan,2023,13025,0,0,13025,0,13025,4551,11530,16081,16081
8959,vut,Vanuatu,2008,5,0,0,5,0,5,0,0,0,0
8960,vut,Vanuatu,2009,5,0,0,5,0,5,0,0,0,0
8961,vut,Vanuatu,2010,5,0,0,5,0,5,0,0,0,0
8962,vut,Vanuatu,2011,0,0,0,0,0,0,0,0,0,0
8963,vut,Vanuatu,2012,0,0,0,0,0,0,0,0,0,0
8964,vut,Vanuatu,2013,0,0,0,0,0,0,0,0,0,0
8965,vut,Vanuatu,2014,0,0,0,0,0,0,0,0,0,0
8966,vut,Vanuatu,2015,0,0,0,0,0,0,0,0,0,0
8967,vut,Vanuatu,2016,0,0,0,0,0,0,0,0,0,0
8968,vut,Vanuatu,2017,0,0,0,0,0,0,0,14,14,14
8969,vut,Vanuatu,2018,0,0,0,0,0,0,0,52,52,52
8970,vut,Vanuatu,2019,0,0,0,0,0,0,0,75,75,75
8971,vut,Vanuatu,2020,0,0,0,0,0,0,0,158,158,158
8972,vut,Vanuatu,2021,0,5,0,5,0,5,0,172,172,172
8973,vut,Vanuatu,2022,0,0,0,0,0,0,5,705,710,710
8974,vut,Vanuatu,2023,0,0,0,0,0,0,5,638,643,643
8975,ven,Venezuela,1969,15000,0,0,15000,0,15000,0,0,0,0
8976,ven,Venezuela,1970,15000,0,0,15000,0,15000,0,0,0,0
8977,ven,Venezuela,1971,15000,0,0,15000,0,15000,0,0,0,0
8978,ven,Venezuela,1972,14700,0,0,14700,0,14700,0,0,0,0
8979,ven,Venezuela,1973,15400,0,0,15400,0,15400,0,0,0,0
8980,ven,Venezuela,1974,14350,0,0,14350,0,14350,0,0,0,0
8981,ven,Venezuela,1975,0,0,0,0,0,0,0,0,0,0
8982,ven,Venezuela,1976,0,0,0,0,0,0,0,0,0,0
8983,ven,Venezuela,1977,16000,0,0,16000,0,16000,0,0,0,0
8984,ven,Venezuela,1978,16000,0,0,16000,0,16000,0,0,0,0
8985,ven,Venezuela,1979,16000,0,0,16000,0,16000,0,0,0,0
8986,ven,Venezuela,1980,17800,0,0,17800,0,17800,0,0,0,0
8987,ven,Venezuela,1981,17000,0,0,17000,0,17000,0,0,0,0
8988,ven,Venezuela,1982,850,0,0,850,0,850,0,0,0,0
8989,ven,Venezuela,1983,1100,0,0,1100,0,1100,0,0,0,0
8990,ven,Venezuela,1984,1420,0,0,1420,0,1420,0,0,0,0
8991,ven,Venezuela,1985,1890,0,0,1890,0,1890,0,0,0,0
8992,ven,Venezuela,1986,1800,0,0,1800,0,1800,0,0,0,0
8993,ven,Venezuela,1987,1900,0,0,1900,0,1900,0,0,0,0
8994,ven,Venezuela,1988,2007,0,0,2007,0,2007,0,0,0,0
8995,ven,Venezuela,1989,2118,0,0,2118,0,2118,0,0,0,0
8996,ven,Venezuela,1990,1750,0,0,1750,0,1750,0,0,0,0
8997,ven,Venezuela,1991,1720,0,0,1720,0,1720,0,0,0,0
8998,ven,Venezuela,1992,1990,0,0,1990,0,1990,5,0,5,5
8999,ven,Venezuela,1993,2225,0,0,2225,0,2225,135,0,135,135
9000,ven,Venezuela,1994,2172,0,0,2172,0,2172,370,0,370,370
9001,ven,Venezuela,1995,1612,0,0,1612,0,1612,478,0,478,478
9002,ven,Venezuela,1996,1591,0,0,1591,0,1591,558,0,558,558
9003,ven,Venezuela,1997,290,0,0,290,0,290,606,0,606,606
9004,ven,Venezuela,1998,157,0,0,157,0,157,568,0,568,568
9005,ven,Venezuela,1999,186,0,0,186,0,186,554,0,554,554
9006,ven,Venezuela,2000,130,72,0,202,0,202,469,172,641,641
9007,ven,Venezuela,2001,62,303,0,365,0,365,464,334,798,798
9008,ven,Venezuela,2002,62,1008,0,1070,0,1070,525,779,1304,1304
9009,ven,Venezuela,2003,62,2282,0,2344,0,2344,598,2016,2614,2614
9010,ven,Venezuela,2004,245,3897,0,4142,0,4142,1251,2682,3933,3933
9011,ven,Venezuela,2005,409,5906,0,6315,0,6315,2581,2816,5397,5397
9012,ven,Venezuela,2006,716,7750,0,8466,0,8466,3821,2367,6188,6188
9013,ven,Venezuela,2007,200904,9588,0,210492,0,210492,5089,1751,6840,6840
9014,ven,Venezuela,2008,201160,11928,0,213088,0,213088,5801,1518,7319,7319
9015,ven,Venezuela,2009,201310,14357,0,215667,0,215667,6216,1571,7787,7787
9016,ven,Venezuela,2010,201544,15844,0,217388,0,217388,6697,626,7323,7323
9017,ven,Venezuela,2011,202013,17356,0,219369,0,219369,7575,570,8145,8145
9018,ven,Venezuela,2012,203635,900,0,204535,0,204535,8204,496,8700,8700
9019,ven,Venezuela,2013,204331,1057,0,205388,0,205388,8396,1154,9550,9550
9020,ven,Venezuela,2014,173591,410,0,174001,0,174001,8009,4822,12831,12831
9021,ven,Venezuela,2015,173745,217,0,173962,0,173962,7455,15087,22542,22542
9022,ven,Venezuela,2016,172047,900,0,172947,0,172947,7543,45074,52617,52617
9023,ven,Venezuela,2017,122804,904,0,123708,0,123708,9272,148096,157368,157368
9024,ven,Venezuela,2018,67283,142,0,67425,0,67425,21047,464223,3078217,3078217
9025,ven,Venezuela,2019,67749,49,0,67798,0,67798,93239,794491,4469932,4469932
9026,ven,Venezuela,2020,68089,284,0,68373,0,68373,171112,851265,4884479,4884479
9027,ven,Venezuela,2021,39328,516,0,39844,0,39844,199202,971106,5576717,5576717
9028,ven,Venezuela,2022,29341,1045,0,30386,0,30386,230393,1137162,6585011,6585011
9029,ven,Venezuela,2023,29339,1578,0,30917,0,30917,300759,1184889,6807768,6807768
9030,vnm,Vietnam,1964,0,0,0,0,0,0,10000,0,10000,10000
9031,vnm,Vietnam,1965,0,0,0,0,0,0,15000,0,15000,15000
9032,vnm,Vietnam,1966,0,0,0,0,0,0,17000,0,17000,17000
9033,vnm,Vietnam,1967,0,0,0,0,0,0,20000,0,20000,20000
9034,vnm,Vietnam,1968,0,0,0,0,0,0,22000,0,22000,22000
9035,vnm,Vietnam,1969,0,0,0,0,0,0,22000,0,22000,22000
9036,vnm,Vietnam,1970,0,0,0,0,0,0,20000,0,20000,20000
9037,vnm,Vietnam,1971,57000,0,0,57000,0,57000,0,0,0,0
9038,vnm,Vietnam,1972,55000,0,0,55000,0,55000,0,0,0,0
9039,vnm,Vietnam,1973,35000,0,0,35000,0,35000,0,0,0,0
9040,vnm,Vietnam,1974,0,0,0,0,0,0,0,0,0,0
9041,vnm,Vietnam,1975,0,0,0,0,0,0,2110,0,2110,2110
9042,vnm,Vietnam,1976,0,0,0,0,0,0,4000,0,4000,4000
9043,vnm,Vietnam,1977,60000,0,0,60000,0,60000,14380,0,14380,14380
9044,vnm,Vietnam,1978,150000,0,0,150000,0,150000,124210,0,124210,124210
9045,vnm,Vietnam,1979,35000,0,0,35000,0,35000,397290,0,397290,397290
9046,vnm,Vietnam,1980,33000,0,0,33000,0,33000,346928,0,346928,346928
9047,vnm,Vietnam,1981,30000,0,0,30000,0,30000,312548,0,312548,312548
9048,vnm,Vietnam,1982,25960,0,0,25960,0,25960,325343,0,325343,325343
9049,vnm,Vietnam,1983,21070,0,0,21070,0,21070,328399,0,328399,328399
9050,vnm,Vietnam,1984,21000,0,0,21000,0,21000,328095,0,328095,328095
9051,vnm,Vietnam,1985,25000,0,0,25000,0,25000,326617,0,326617,326617
9052,vnm,Vietnam,1986,27200,0,0,27200,0,27200,326668,0,326668,326668
9053,vnm,Vietnam,1987,25000,0,0,25000,0,25000,325717,0,325717,325717
9054,vnm,Vietnam,1988,27000,0,0,27000,0,27000,440379,0,440379,440379
9055,vnm,Vietnam,1989,23060,0,0,23060,0,23060,456936,0,456936,456936
9056,vnm,Vietnam,1990,21150,0,0,21150,0,21150,496029,0,496029,496029
9057,vnm,Vietnam,1991,20148,0,0,20148,0,20148,498323,0,498323,498323
9058,vnm,Vietnam,1992,16263,0,0,16263,0,16263,517111,0,517111,517111
9059,vnm,Vietnam,1993,5084,0,0,5084,0,5084,527625,0,527625,527625
9060,vnm,Vietnam,1994,5000,0,0,5000,0,5000,539095,0,539095,539095
9061,vnm,Vietnam,1995,34400,0,0,34400,0,34400,543536,0,543536,543536
9062,vnm,Vietnam,1996,0,0,0,0,0,0,518335,0,518335,518335
9063,vnm,Vietnam,1997,0,0,0,0,0,0,476795,0,476795,476795
9064,vnm,Vietnam,1998,0,0,0,0,0,0,435437,0,435437,435437
9065,vnm,Vietnam,1999,0,0,0,0,0,0,405378,0,405378,405378
9066,vnm,Vietnam,2000,0,0,0,0,0,0,370753,1525,372278,372278
9067,vnm,Vietnam,2001,0,0,0,0,0,0,353211,3471,356682,356682
9068,vnm,Vietnam,2002,0,0,0,0,0,0,373732,2092,375824,375824
9069,vnm,Vietnam,2003,0,0,0,0,0,0,363170,1247,364417,364417
9070,vnm,Vietnam,2004,0,0,0,0,0,0,349793,1075,350868,350868
9071,vnm,Vietnam,2005,0,0,0,0,0,0,358268,1699,359967,359967
9072,vnm,Vietnam,2006,0,0,0,0,0,0,374278,1762,376040,376040
9073,vnm,Vietnam,2007,0,0,0,0,0,0,327770,1775,329545,329545
9074,vnm,Vietnam,2008,0,0,0,0,0,0,328175,1706,329881,329881
9075,vnm,Vietnam,2009,0,0,0,0,0,0,339299,1191,340490,340490
9076,vnm,Vietnam,2010,0,0,0,0,0,0,338707,1123,339830,339830
9077,vnm,Vietnam,2011,0,0,0,0,0,0,337828,1304,339132,339132
9078,vnm,Vietnam,2012,0,0,0,0,0,0,336936,1394,338330,338330
9079,vnm,Vietnam,2013,0,0,0,0,0,0,314109,1999,316108,316108
9080,vnm,Vietnam,2014,0,0,0,0,0,0,313420,3132,316552,316552
9081,vnm,Vietnam,2015,0,0,0,0,0,0,313152,4373,317525,317525
9082,vnm,Vietnam,2016,0,0,0,0,0,0,329341,4538,333879,333879
9083,vnm,Vietnam,2017,0,0,0,0,0,0,334064,7115,341179,341179
9084,vnm,Vietnam,2018,0,0,0,0,0,0,334464,5571,340035,340035
9085,vnm,Vietnam,2019,0,0,0,0,0,0,316441,8095,324536,324536
9086,vnm,Vietnam,2020,0,0,0,0,0,0,316728,9440,326168,326168
9087,vnm,Vietnam,2021,0,0,0,0,0,0,317737,10345,328082,328082
9088,vnm,Vietnam,2022,0,0,0,0,0,0,17507,10627,28134,28134
9089,vnm,Vietnam,2023,0,0,0,0,0,0,18045,11887,29932,29932
9090,esh,Western Sahara,1975,0,0,0,0,0,0,20000,0,20000,20000
9091,esh,Western Sahara,1976,0,0,0,0,0,0,35000,0,35000,35000
9092,esh,Western Sahara,1977,0,0,0,0,0,0,50000,0,50000,50000
9093,esh,Western Sahara,1978,0,0,0,0,0,0,50000,0,50000,50000
9094,esh,Western Sahara,1979,0,0,0,0,0,0,50000,0,50000,50000
9095,esh,Western Sahara,1980,0,0,0,0,0,0,50000,0,50000,50000
9096,esh,Western Sahara,1981,0,0,0,0,0,0,165000,0,165000,165000
9097,esh,Western Sahara,1982,0,0,0,0,0,0,165000,0,165000,165000
9098,esh,Western Sahara,1983,0,0,0,0,0,0,165000,0,165000,165000
9099,esh,Western Sahara,1984,0,0,0,0,0,0,165000,0,165000,165000
9100,esh,Western Sahara,1985,0,0,0,0,0,0,165000,0,165000,165000
9101,esh,Western Sahara,1986,0,0,0,0,0,0,165000,0,165000,165000
9102,esh,Western Sahara,1987,0,0,0,0,0,0,165000,0,165000,165000
9103,esh,Western Sahara,1988,0,0,0,0,0,0,165000,0,165000,165000
9104,esh,Western Sahara,1989,0,0,0,0,0,0,167190,0,167190,167190
9105,esh,Western Sahara,1990,0,0,0,0,0,0,165000,0,165000,165000
9106,esh,Western Sahara,1991,0,0,0,0,0,0,165000,0,165000,165000
9107,esh,Western Sahara,1992,0,0,0,0,0,0,165000,0,165000,165000
9108,esh,Western Sahara,1993,0,0,0,0,0,0,165000,0,165000,165000
9109,esh,Western Sahara,1994,0,0,0,0,0,0,166493,0,166493,166493
9110,esh,Western Sahara,1995,0,0,0,0,0,0,165000,0,165000,165000
9111,esh,Western Sahara,1996,0,0,0,0,0,0,166328,0,166328,166328
9112,esh,Western Sahara,1997,0,0,0,0,0,0,166099,0,166099,166099
9113,esh,Western Sahara,1998,0,0,0,0,0,0,165968,0,165968,165968
9114,esh,Western Sahara,1999,0,0,0,0,0,0,165868,0,165868,165868
9115,esh,Western Sahara,2000,0,0,0,0,0,0,165808,0,165808,165808
9116,esh,Western Sahara,2001,0,0,0,0,0,0,165908,5,165913,165913
9117,esh,Western Sahara,2002,0,0,0,0,0,0,165884,5,165889,165889
9118,esh,Western Sahara,2003,0,0,0,0,0,0,165729,19,165748,165748
9119,esh,Western Sahara,2004,0,0,0,0,0,0,165728,13,165741,165741
9120,esh,Western Sahara,2005,0,0,0,0,0,0,90650,20,90670,90670
9121,esh,Western Sahara,2006,0,0,0,0,0,0,90611,24,90635,90635
9122,esh,Western Sahara,2007,0,0,0,0,0,0,116594,23,116617,116617
9123,esh,Western Sahara,2008,0,0,0,0,0,0,116528,28,116556,116556
9124,esh,Western Sahara,2009,0,0,0,0,0,0,116469,20,116489,116489
9125,esh,Western Sahara,2010,0,0,0,0,0,0,116411,24,116435,116435
9126,esh,Western Sahara,2011,0,0,0,0,0,0,116414,5,116419,116419
9127,esh,Western Sahara,2012,0,0,0,0,0,0,116451,128,116579,116579
9128,esh,Western Sahara,2013,0,0,0,0,0,0,116500,404,116904,116904
9129,esh,Western Sahara,2014,0,0,0,0,0,0,116478,1176,117654,117654
9130,esh,Western Sahara,2015,0,0,0,0,0,0,116542,1438,117980,117980
9131,esh,Western Sahara,2016,0,0,0,0,0,0,116648,1993,118641,118641
9132,esh,Western Sahara,2017,0,0,0,0,0,0,116762,1843,118605,118605
9133,esh,Western Sahara,2018,0,0,0,0,0,0,116790,1803,118593,118593
9134,esh,Western Sahara,2019,0,0,0,0,0,0,116908,955,117863,117863
9135,esh,Western Sahara,2020,0,0,0,0,0,0,116925,1038,117963,117963
9136,esh,Western Sahara,2021,0,0,0,0,0,0,117041,689,117730,117730
9137,esh,Western Sahara,2022,0,0,0,0,0,0,91026,750,91776,91776
9138,esh,Western Sahara,2023,0,0,0,0,0,0,91016,751,91767,91767
9139,yem,Yemen,1977,0,0,0,0,0,0,0,0,0,0
9140,yem,Yemen,1978,0,0,0,0,0,0,15000,0,15000,15000
9141,yem,Yemen,1979,0,0,0,0,0,0,15000,0,15000,15000
9142,yem,Yemen,1980,0,0,0,0,0,0,15000,0,15000,15000
9143,yem,Yemen,1981,0,0,0,0,0,0,0,0,0,0
9144,yem,Yemen,1982,0,0,0,0,0,0,0,0,0,0
9145,yem,Yemen,1983,0,0,0,0,0,0,0,0,0,0
9146,yem,Yemen,1984,0,0,0,0,0,0,0,0,0,0
9147,yem,Yemen,1985,0,0,0,0,0,0,0,0,0,0
9148,yem,Yemen,1986,0,0,0,0,0,0,100000,0,100000,100000
9149,yem,Yemen,1987,0,0,0,0,0,0,70000,0,70000,70000
9150,yem,Yemen,1988,0,0,0,0,0,0,77000,0,77000,77000
9151,yem,Yemen,1989,0,0,0,0,0,0,77000,0,77000,77000
9152,yem,Yemen,1990,0,0,0,0,0,0,5,0,5,5
9153,yem,Yemen,1991,0,0,0,0,0,0,74,0,74,74
9154,yem,Yemen,1992,0,0,0,0,0,0,31,0,31,31
9155,yem,Yemen,1993,0,0,0,0,0,0,37,0,37,37
9156,yem,Yemen,1994,0,0,0,0,0,0,151,0,151,151
9157,yem,Yemen,1995,0,0,0,0,0,0,366,0,366,366
9158,yem,Yemen,1996,0,0,0,0,0,0,1154,0,1154,1154
9159,yem,Yemen,1997,0,0,0,0,0,0,1721,0,1721,1721
9160,yem,Yemen,1998,0,0,0,0,0,0,1928,0,1928,1928
9161,yem,Yemen,1999,0,0,0,0,0,0,2021,0,2021,2021
9162,yem,Yemen,2000,0,1406,0,1406,0,1406,2104,848,2952,2952
9163,yem,Yemen,2001,0,2359,0,2359,0,2359,1976,743,2719,2719
9164,yem,Yemen,2002,0,2091,0,2091,0,2091,1595,633,2228,2228
9165,yem,Yemen,2003,0,616,0,616,0,616,1588,474,2062,2062
9166,yem,Yemen,2004,0,1272,0,1272,0,1272,1599,338,1937,1937
9167,yem,Yemen,2005,0,797,0,797,0,797,1322,411,1733,1733
9168,yem,Yemen,2006,0,861,0,861,0,861,1364,351,1715,1715
9169,yem,Yemen,2007,0,713,0,713,77000,77713,1621,306,1927,78927
9170,yem,Yemen,2008,0,826,0,826,100000,100826,1764,464,2228,102228
9171,yem,Yemen,2009,0,1356,0,1356,250000,251356,1927,602,2529,252529
9172,yem,Yemen,2010,0,2547,0,2547,220994,223541,2070,614,2684,223678
9173,yem,Yemen,2011,0,5870,0,5870,347295,353165,2321,1152,3473,350768
9174,yem,Yemen,2012,0,6474,0,6474,385320,391794,2582,1581,4163,389483
9175,yem,Yemen,2013,0,8190,0,8190,306614,314804,2413,1868,4281,310895
9176,yem,Yemen,2014,0,8667,0,8667,334093,342760,2623,2716,5339,339432
9177,yem,Yemen,2015,0,9857,0,9857,2532032,2541889,15901,10056,25957,2557989
9178,yem,Yemen,2016,0,9088,0,9088,2025060,2034148,18427,15870,34297,2059357
9179,yem,Yemen,2017,0,9763,0,9763,2014062,2023825,23555,24629,48184,2062246
9180,yem,Yemen,2018,0,8805,0,8805,2144719,2153524,31145,35876,67021,2211740
9181,yem,Yemen,2019,0,10669,0,10669,3625716,3636385,36522,34328,70850,3696566
9182,yem,Yemen,2020,0,10693,0,10693,4002012,4012705,32433,34870,67303,4069315
9183,yem,Yemen,2021,,12593,0,,4288739,,37615,35462,73077,4361816
9184,yem,Yemen,2022,,13225,0,,4523022,,40147,33524,73671,4596693
9185,yem,Yemen,2023,,14003,0,,4523022,,43531,33427,76958,4599980
9186,zmb,Zambia,1965,,0,0,,0,,0,0,0,0
9187,zmb,Zambia,1966,,0,0,,0,,0,0,0,0
9188,zmb,Zambia,1967,,0,0,,0,,0,0,0,0
9189,zmb,Zambia,1968,,0,0,,0,,15000,0,15000,15000
9190,zmb,Zambia,1969,,0,0,,0,,13000,0,13000,13000
9191,zmb,Zambia,1970,,0,0,,0,,9000,0,9000,9000
9192,zmb,Zambia,1971,,0,0,,0,,750,0,750,750
9193,zmb,Zambia,1972,,0,0,,0,,750,0,750,750
9194,zmb,Zambia,1973,,0,0,,0,,750,0,750,750
9195,zmb,Zambia,1974,,0,0,,0,,4000,0,4000,4000
9196,zmb,Zambia,1975,,0,0,,0,,750,0,750,750
9197,zmb,Zambia,1976,,0,0,,0,,750,0,750,750
9198,zmb,Zambia,1977,,0,0,,0,,0,0,0,0
9199,zmb,Zambia,1978,,0,0,,0,,0,0,0,0
9200,zmb,Zambia,1979,,0,0,,0,,1000,0,1000,1000
9201,zmb,Zambia,1980,,0,0,,0,,1210,0,1210,1210
9202,zmb,Zambia,1981,,0,0,,0,,1200,0,1200,1200
9203,zmb,Zambia,1982,,0,0,,0,,1200,0,1200,1200
9204,zmb,Zambia,1983,,0,0,,0,,1200,0,1200,1200
9205,zmb,Zambia,1984,,0,0,,0,,0,0,0,0
9206,zmb,Zambia,1985,,0,0,,0,,0,0,0,0
9207,zmb,Zambia,1986,,0,0,,0,,0,0,0,0
9208,zmb,Zambia,1987,,0,0,,0,,0,0,0,0
9209,zmb,Zambia,1988,,0,0,,0,,0,0,0,0
9210,zmb,Zambia,1989,,0,0,,0,,0,0,0,0
9211,zmb,Zambia,1990,,0,0,,0,,0,0,0,0
9212,zmb,Zambia,1991,,0,0,,0,,0,0,0,0
9213,zmb,Zambia,1992,,0,0,,0,,1990,0,1990,1990
9214,zmb,Zambia,1993,,0,0,,0,,1573,0,1573,1573
9215,zmb,Zambia,1994,,0,0,,0,,15,0,15,15
9216,zmb,Zambia,1995,,0,0,,0,,22,0,22,22
9217,zmb,Zambia,1996,,0,0,,0,,39,0,39,39
9218,zmb,Zambia,1997,,0,0,,0,,62,0,62,62
9219,zmb,Zambia,1998,,0,0,,0,,75,0,75,75
9220,zmb,Zambia,1999,,0,0,,0,,86,0,86,86
9221,zmb,Zambia,2000,,261,0,,0,,91,117,208,208
9222,zmb,Zambia,2001,,500,0,,0,,55,103,158,158
9223,zmb,Zambia,2002,,945,0,,0,,84,172,256,256
9224,zmb,Zambia,2003,,180,0,,0,,95,260,355,355
9225,zmb,Zambia,2004,,86,0,,0,,119,373,492,492
9226,zmb,Zambia,2005,,146,0,,0,,146,478,624,624
9227,zmb,Zambia,2006,,215,0,,0,,199,65,264,264
9228,zmb,Zambia,2007,,25,0,,0,,192,492,684,684
9229,zmb,Zambia,2008,,56,0,,0,,191,490,681,681
9230,zmb,Zambia,2009,,76,0,,0,,201,46,247,247
9231,zmb,Zambia,2010,,324,0,,0,,221,42,263,263
9232,zmb,Zambia,2011,,1018,0,,0,,234,182,416,416
9233,zmb,Zambia,2012,,1190,0,,0,,240,244,484,484
9234,zmb,Zambia,2013,,2217,0,,0,,230,294,524,524
9235,zmb,Zambia,2014,,2174,0,,0,,309,293,602,602
9236,zmb,Zambia,2015,,2408,0,,0,,334,427,761,761
9237,zmb,Zambia,2016,,3318,0,,0,,256,294,550,550
9238,zmb,Zambia,2017,,4675,0,,0,,260,164,424,424
9239,zmb,Zambia,2018,,3300,0,,0,,266,254,520,520
9240,zmb,Zambia,2019,,5067,0,,0,,259,459,718,718
9241,zmb,Zambia,2020,,4293,0,,0,,252,475,727,727
9242,zmb,Zambia,2021,,4394,0,,0,,255,489,744,744
9243,zmb,Zambia,2022,,2774,0,,0,,296,471,767,767
9244,zmb,Zambia,2023,,4317,0,,0,,303,530,833,833
9245,zwe,Zimbabwe,1975,,0,0,,0,,14720,0,14720,14720
9246,zwe,Zimbabwe,1976,,0,0,,0,,31220,0,31220,31220
9247,zwe,Zimbabwe,1977,,0,0,,0,,76520,0,76520,76520
9248,zwe,Zimbabwe,1978,,0,0,,0,,163160,0,163160,163160
9249,zwe,Zimbabwe,1979,,0,0,,0,,197640,0,197640,197640
9250,zwe,Zimbabwe,1980,,0,0,,0,,160,0,160,160
9251,zwe,Zimbabwe,1981,,0,0,,0,,190,0,190,190
9252,zwe,Zimbabwe,1982,,0,0,,0,,0,0,0,0
9253,zwe,Zimbabwe,1983,,0,0,,0,,3200,0,3200,3200
9254,zwe,Zimbabwe,1984,,0,0,,0,,3760,0,3760,3760
9255,zwe,Zimbabwe,1985,,0,0,,0,,4250,0,4250,4250
9256,zwe,Zimbabwe,1986,,0,0,,0,,3230,0,3230,3230
9257,zwe,Zimbabwe,1987,,0,0,,0,,3830,0,3830,3830
9258,zwe,Zimbabwe,1988,,0,0,,0,,629,0,629,629
9259,zwe,Zimbabwe,1989,,0,0,,0,,5,0,5,5
9260,zwe,Zimbabwe,1990,,0,0,,0,,5,0,5,5
9261,zwe,Zimbabwe,1991,,0,0,,0,,128,0,128,128
9262,zwe,Zimbabwe,1992,,0,0,,0,,8,0,8,8
9263,zwe,Zimbabwe,1993,,0,0,,0,,14,0,14,14
9264,zwe,Zimbabwe,1994,,0,0,,0,,38,0,38,38
9265,zwe,Zimbabwe,1995,,0,0,,0,,37,0,37,37
9266,zwe,Zimbabwe,1996,,0,0,,0,,36,0,36,36
9267,zwe,Zimbabwe,1997,,0,0,,0,,37,0,37,37
9268,zwe,Zimbabwe,1998,,0,0,,0,,40,0,40,40
9269,zwe,Zimbabwe,1999,,0,0,,0,,40,0,40,40
9270,zwe,Zimbabwe,2000,,62,0,,0,,109,204,313,313
9271,zwe,Zimbabwe,2001,,766,0,,0,,257,2694,2951,2951
9272,zwe,Zimbabwe,2002,,540,0,,0,,4024,1158,5182,5182
9273,zwe,Zimbabwe,2003,,553,0,,0,,7154,3471,10625,10625
9274,zwe,Zimbabwe,2004,,0,0,,0,,9557,9398,18955,18955
9275,zwe,Zimbabwe,2005,,118,0,,0,,11246,17330,28576,28576
9276,zwe,Zimbabwe,2006,,296,0,,0,,12774,1207,13981,13981
9277,zwe,Zimbabwe,2007,,546,0,,0,,14366,34318,48684,48684
9278,zwe,Zimbabwe,2008,,525,0,,0,,16824,34776,51600,51600
9279,zwe,Zimbabwe,2009,,629,0,,0,,22441,1394,23835,23835
9280,zwe,Zimbabwe,2010,,414,0,,0,,24080,1001,25081,25081
9281,zwe,Zimbabwe,2011,,774,0,,54278,,25033,36685,61718,115996
9282,zwe,Zimbabwe,2012,,432,0,,57926,,22082,41723,63805,121731
9283,zwe,Zimbabwe,2013,,479,0,,60139,,19719,41822,61541,121680
9284,zwe,Zimbabwe,2014,,642,0,,0,,22478,42419,64897,64897
9285,zwe,Zimbabwe,2015,,257,0,,0,,21332,57376,78708,78708
9286,zwe,Zimbabwe,2016,,948,0,,0,,18141,43191,61332,61332
9287,zwe,Zimbabwe,2017,,8392,0,,0,,17420,21760,39180,39180
9288,zwe,Zimbabwe,2018,,10207,0,,0,,15618,17121,32739,32739
9289,zwe,Zimbabwe,2019,,11532,0,,270000,,10045,16177,26222,296222
9290,zwe,Zimbabwe,2020,,11929,0,,0,,8575,14614,23189,23189
9291,zwe,Zimbabwe,2021,,11951,0,,0,,8115,13513,21628,21628
9292,zwe,Zimbabwe,2022,,11670,0,,0,,7017,7478,14495,14495
9293,zwe,Zimbabwe,2023,,11986,0,,0,,7268,8187,15455,15455
